4223
4665
4076
7239
0
4409
3925
0
0
4419
4400
4216
5074
4341
4233
4227
4168
0
4460
4383
3971
3904
3847
4345
4314
3913
4256
4987
0
4560
3989
3806
4275
4239
4998
4526
4297
5131
4796
4132
4407
4333
4698
4624
7188
4801
0
4666
4210
3981
3923
4854
0
4161
0
6919
4180
4353
4532
4166
0
4184
4220
4724
3579
4806
4792
4048
4433
4292
3963
3966
5218
3540
4862
4173
3934
4682
5573
4524
0
3743
4746
5460
4264
4235
4896
4253
4699
4150
5988
0
4816
0
4250
4199
4299
4417
0
4303
3965
4321
4270
3755
3925
4442
6565
5018
0
3869
0
4922
3865
3384
4623
3792
4306
4917
4748
3897
5532
3615
4361
3801
5030
4733
3613
4600
4820
0
4040
4282
0
4004
4513
3835
3781
4291
4804
3447
3933
5734
5010
4986
4605
5967
5335
4157
4289
4510
5022
4321
4035
4526
5147
0
4461
4124
5284
3985
0
4399
4712
4923
5307
4689
4276
4184
4157
4846
4421
0
3949
4305
4584
3502
4258
4455
5334
4058
3599
4648
5066
4421
4071
4802
5379
4106
5059
3698
4721
0
4386
3870
4642
4323
4557
3856
4540
5632
4279
4255
4175
3594
3863
3818
6192
4542
0
5403
5212
3863
3989
0
3859
3976
4477
4154
3694
6109
5065
4713
4142
3789
4061
4172
4003
4283
5455
5871
3954
4556
5409
3827
3752
4109
5318
5183
4203
4138
4903
5724
4091
4331
3903
3611
4222
5192
4697
4527
3791
4549
5056
4573
3950
3470
0
5497
0
3914
3753
3935
5180
3492
3747
3569
5176
0
4374
3653
4916
3648
3747
3712
3976
3519
3630
4021
4653
3349
4498
0
3837
4765
4656
3973
3810
3493
5180
4052
4243
4273
4080
4497
3904
4772
4307
4345
4887
3926
3594
0
4373
5277
3997
0
4634
3281
4672
5758
4787
3744
4666
3509
3767
4015
4186
0
5902
4282
4814
3605
3589
4106
4600
0
0
3429
3970
4384
4348
3421
3885
4788
3658
4618
6174
3792
4303
4229
5161
0
3376
4338
4709
3641
5221
4724
4574
3622
4354
0
0
3489
0
4309
3502
4142
3920
4350
0
4619
4358
3933
3743
4902
6540
3959
4706
4622
3807
4496
4309
3855
4164
4049
6623
5398
3651
3784
4265
4089
4860
6609
4014
3533
4815
4586
3856
4221
3932
3454
3884
3788
3974
5597
4794
3452
3880
4529
4615
4863
4014
4589
3774
4311
4612
4712
5376
4685
0
4537
4153
4022
4214
5018
3540
5187
3685
4804
3978
5720
4513
4151
4587
3502
3628
4946
0
3913
3503
5317
4793
3961
3787
5832
4630
3671
4257
3853
0
3633
4005
4056
4186
0
4019
4153
4701
3814
4582
3954
4082
4203
3758
4803
6586
4297
5157
4724
4748
3779
4132
4856
0
4015
3907
4559
3948
4260
3939
3353
4289
3590
4574
3901
3791
5653
5214
0
5195
3683
3933
3898
5554
3629
0
5779
5237
4852
4269
4438
3292
5462
4098
4076
3364
3676
3557
3960
4655
3727
4515
4807
3739
3838
4007
3728
3898
4611
4254
3316
3989
4518
3710
4571
3797
4148
4082
5092
3998
0
4038
5130
4799
4786
5492
0
3968
4203
3497
3547
5810
4362
4552
4168
3166
4344
3944
4485
3852
4343
3370
4207
3782
5452
3937
3924
3329
4838
4283
4214
3648
4148
0
5028
4999
0
4009
4072
4196
4324
4246
3702
3770
3570
3635
3385
4302
3599
4346
4114
4728
0
4422
3588
4831
3667
4390
4201
3578
3593
3623
3570
4375
4904
4252
4798
5652
3516
6689
3423
4957
4577
4185
4472
4260
3826
4254
5409
4380
4312
3933
4217
3484
4119
4708
3852
4678
5187
4650
4702
5077
4306
4038
4503
4176
4309
4396
5424
4860
4201
4002
0
4675
4144
4218
4517
5029
4679
4295
3714
3403
4719
4171
3869
0
3670
4087
3928
4910
4970
4299
0
4341
4490
4169
4203
3783
5323
4036
3677
4546
4338
4214
5016
3822
3928
3883
4359
4615
4537
3549
3692
4031
5053
3807
4191
5857
4095
4339
3800
4259
4565
4226
3944
3801
3801
4358
4364
3945
6643
3553
4509
3405
4374
4477
4260
3809
3528
4060
3489
3447
0
4634
4042
3841
3703
4511
4116
6421
4859
4037
3389
0
3394
3702
3473
3585
4065
5569
3819
4354
4415
4944
0
4264
3502
4556
4492
4025
3609
3786
4541
4256
4227
4692
0
4373
4178
3806
4326
3640
3572
4223
4431
4144
3781
4993
3835
0
4229
4192
3595
4929
3644
3866
3652
3454
4551
4290
3613
3403
4475
4842
3368
4741
5377
3539
0
3533
4328
3465
3864
3388
3310
5356
3626
4167
4376
4594
4685
4310
3571
4532
4203
4366
3742
3429
3952
3523
4536
4077
4416
4295
3536
3800
4710
3743
3574
3386
4378
5324
3300
4018
3319
3444
4037
4592
3794
3864
3986
3754
4077
4363
3424
5074
4315
4072
3772
3912
3867
4134
4454
3427
4144
4382
3548
3796
3062
4943
4322
4578
3723
4222
0
3631
3091
3416
3436
4564
3983
3910
3508
3457
3634
3334
4392
4837
3204
3622
4175
4244
5016
3608
3750
4223
3858
0
3116
4051
4020
4092
4183
4513
4223
3591
5189
3679
3876
3352
3837
0
3390
4563
4705
6403
3299
4258
3316
3024
4052
3814
4432
4317
3592
0
4360
3641
3777
4319
3462
3413
4059
5009
3624
3738
4415
4524
4873
4074
3660
3904
3330
3362
3269
3621
3765
3391
3738
3277
3748
3908
3745
4071
3419
3951
5503
3400
3368
3987
4002
3844
0
5545
3318
3960
4157
5142
3883
3878
3712
3525
4226
4123
4017
5298
3820
3478
4413
5230
3510
4282
3802
4966
4036
5530
3960
3811
3777
3656
5325
3019
4012
3777
3218
5162
4188
3774
0
3404
4725
3815
3284
3169
3809
3996
3753
3855
3197
3531
3297
3900
3363
3970
2900
5183
3471
4152
4603
3797
3670
4036
4039
4973
3757
3995
5512
0
5062
6428
3504
3259
3695
4180
4107
3559
4096
3521
3519
3830
3802
7273
3966
3483
4671
3421
4151
3418
0
4135
3593
4904
6001
3612
3907
3648
4600
4036
3567
4079
0
3421
3732
3828
3284
3693
2975
3582
4126
3513
3921
0
3673
3708
3042
5320
3712
3249
3217
3884
3071
5314
3441
3716
5028
3328
3988
3410
4004
4980
4289
3376
3573
3237
3437
3833
3668
5002
3733
3629
4133
3387
6063
3707
5305
3403
5821
4631
0
3935
3567
3594
4973
3125
3245
3744
4090
4076
4573
3138
4378
3867
3346
2712
4282
0
4817
3621
3306
3408
3414
0
3630
3199
3691
4652
4565
3352
4959
3529
4474
3180
0
3152
4084
4021
3980
4393
4271
3646
3843
3379
4032
4308
0
6674
4732
3662
3387
4680
4614
4293
2951
3580
3661
4577
2644
3621
4805
3652
4544
3642
4357
3386
3552
3740
3776
4366
3496
3300
2577
4180
3289
3666
5378
3608
3743
3200
4236
4823
3473
0
3290
4458
4759
3553
4934
4179
0
4567
4004
3369
7110
0
3802
3851
3949
3617
3951
3564
4068
5324
4522
2736
2839
3230
3512
3648
3692
3610
3887
4887
4250
2768
3835
3079
2440
4256
3443
3408
2847
3190
3226
3322
3592
2972
3796
4837
3289
3277
3592
4992
3884
2840
3936
4380
3637
3573
2923
4134
3716
3898
3711
3370
2960
3890
5173
4343
3205
3789
2752
2778
2621
3704
3349
4173
3460
3619
4092
3388
4361
6295
0
2783
4088
2968
3869
4196
2928
4984
0
2926
3999
3045
4015
3693
3019
3014
2595
4463
3084
2920
2694
0
4556
3001
3288
5362
4030
3507
2744
3692
3185
4646
3920
2680
3512
3592
3799
3623
2781
2898
3802
3589
3328
4538
2632
2731
5115
3658
2809
2947
3021
2704
3213
3031
0
5031
3682
3959
4145
4302
4636
4244
3519
0
3802
4457
3507
5574
4291
4928
2984
2778
3309
4699
3812
4219
2878
3848
3153
4118
3676
3006
3062
2801
2944
4638
3875
3717
6220
3067
4237
4221
2812
2710
5490
2962
3734
4320
4064
3798
4850
3104
4673
3234
3758
3135
3959
3410
4680
2937
5360
3113
4244
2924
4704
2826
3596
3251
3771
3677
2896
2783
3101
3852
3026
3233
3463
3240
4359
3574
3431
2947
3114
3733
2941
2746
4373
3016
3017
3356
4195
2732
3061
3353
2926
4162
4389
0
3375
3276
3543
2883
3983
3950
3140
3291
3045
3143
4779
3073
2612
3048
3125
3166
3317
3124
0
3667
2951
2831
3484
3734
3861
3479
4547
3468
3106
3395
3358
4976
4038
3011
4038
2733
4440
3175
3290
7608
4070
4317
3247
3468
3971
2737
3593
4299
2607
3126
3469
3342
3953
3300
4171
3167
2689
3879
3089
3315
2993
3354
2908
3012
3311
3040
4447
4448
3689
2796
5387
3019
4138
3103
2907
3926
0
3130
3327
4376
2985
0
3463
3492
4708
3193
3447
3766
3228
3192
3449
4478
2946
3888
3903
2749
4426
0
3053
2867
3142
2947
2894
3240
3048
2914
4213
3649
3178
4257
2908
3450
3477
2764
3979
3126
2895
3864
3201
3257
3036
2454
3486
3460
3424
2805
3637
4133
2590
3676
3802
3363
3072
5187
4527
3453
6323
0
3386
2933
3310
2920
4305
3551
4615
3902
3068
4023
3403
2658
2571
4709
2676
2921
3017
3260
3515
2989
2840
3410
4021
3319
3256
2707
3737
3588
4502
3696
3756
3521
3106
4159
3088
3257
4616
3330
3602
3080
3286
3255
2972
3801
3368
4475
3590
0
3553
3022
3235
3204
4795
3046
2824
4079
4662
3515
3112
3253
3416
3345
3923
2934
2881
0
3680
2987
3482
0
3594
3186
3932
5319
2839
2836
3466
3051
0
3394
2857
2918
3422
3144
3670
6121
0
3411
3429
2974
2980
3522
3356
3487
3774
3634
3437
3563
2582
3415
3829
4660
3371
2976
3023
2520
3437
3196
3192
4404
3178
3176
4479
3309
3387
3340
4284
2969
3216
3419
3214
3393
3290
3546
3123
3648
3214
3530
2777
3363
5102
3307
4096
2685
3281
3257
3029
3522
3384
3596
3220
3258
3291
2974
3409
4932
3063
3335
3113
3204
2961
2998
3058
3133
3267
3286
4055
2757
3218
3405
3248
3026
3600
5152
3028
3124
3673
2822
7691
3631
3294
3201
3371
3216
4050
3974
3701
3076
3100
3550
3254
3234
3469
3277
3362
2769
3229
3189
2547
0
2961
2813
3384
3828
2553
3304
2897
4062
3176
4146
3002
5029
3591
3350
3631
2863
3488
3549
3139
4256
4181
3029
6048
3649
3194
2701
3052
3954
3626
3599
3256
3438
3072
3147
2940
3259
3492
3872
2779
3152
3326
3185
3397
2984
2690
3507
2805
3456
3555
3984
3873
3002
3473
3235
3322
3133
2995
3268
3980
2806
7924
2687
3837
3845
3528
3871
2784
3175
3675
3269
3563
2754
3226
3534
4101
4401
3128
4166
3505
3055
2922
3420
2878
2958
2629
3185
3291
2837
3608
3108
2893
3049
2967
3645
3023
2691
3168
3935
3149
2959
3127
3328
3669
3262
3465
3605
6086
3254
3289
3924
3528
4451
4412
3407
2946
3832
3721
3834
3810
2936
2943
3386
3074
2903
3132
3204
3536
3045
3104
3140
4245
3245
3772
2936
3483
2986
3725
3450
3171
3553
3077
4536
3986
3324
3616
2826
3555
3135
3171
3430
2841
5710
3150
3284
3864
3620
3779
3333
3567
6147
3170
0
2830
2910
2662
3875
3898
2771
3661
2701
4332
3318
3152
3767
2759
3535
3982
3719
2647
2856
3042
3451
3192
3475
3457
2838
4206
0
3217
3033
2707
4425
4541
4622
2929
3860
3341
3720
2785
2531
3072
3580
3581
4820
3392
3474
2920
3188
0
3221
3629
3152
2899
2935
3158
4559
5841
3469
3340
3207
3517
3161
3137
4015
0
0
2840
3097
2695
4461
4458
5007
3008
3864
2856
3109
3426
4391
2867
2869
2685
3367
3673
3720
3398
2818
3014
2781
3012
4467
3802
3087
2967
2648
0
0
0
3091
3543
3371
3209
3006
2919
4292
3559
2835
4016
3111
3985
3245
2619
2739
3059
3658
3133
2856
4049
3245
3468
5370
3394
3380
3364
2801
2747
3609
3326
3309
3268
2840
3396
3060
2974
2628
2952
3234
3082
3222
3242
3668
4774
2974
2970
3306
4547
2766
3050
4261
3700
3014
3456
3420
3386
3142
3704
3119
4075
4276
3089
2714
3493
3608
3538
4095
2916
3487
3827
2888
4171
3024
7359
3231
3226
3045
3330
2852
2969
2832
3075
3032
2925
3051
2755
3000
0
3888
3152
3295
4328
4537
4146
3282
3504
3329
4069
3385
3512
3368
4665
3275
2806
3824
2924
2865
2563
4093
3247
3959
3081
3283
3945
3191
3455
3390
3556
3279
3641
3665
4299
2786
4270
4477
3447
3353
2693
4377
3217
2897
3834
2966
3571
3905
0
3048
3673
3342
3597
0
3473
3675
3177
3019
4691
4730
2936
3515
4173
3155
3674
4693
3702
3306
3335
3383
2870
3684
5299
4027
3388
2990
3880
3180
2854
3727
3302
2990
3114
3173
3018
3244
3563
3045
3108
2862
3407
3546
4151
3868
3473
3279
2721
2710
3333
3079
3084
2908
0
3102
4958
4109
3938
0
3331
3678
3041
4166
2888
4380
3033
3151
3783
2910
3343
3562
2726
3683
2503
3117
3335
2977
3506
2845
3837
3663
3630
3273
3698
3801
3602
3032
3341
3565
3139
2887
2983
3381
4378
3327
3061
3232
3689
3467
3997
3187
3478
3949
2876
3964
2955
3290
2879
3140
3407
2863
3107
4490
4374
3389
4224
3546
3558
2881
2972
3534
3951
3943
3568
3631
3317
4663
3470
4141
3110
3839
3035
4291
4140
3507
3231
3275
3154
3102
3112
3953
2888
3055
3539
3195
3069
4154
3338
3788
0
3605
3116
3401
3859
3549
3226
3029
2991
2911
3565
3485
2695
2987
5075
2762
3232
3109
0
3869
3551
3680
3560
3448
2984
3085
3176
3102
2842
3463
3604
3727
2744
3070
3468
2900
3574
3582
4559
3285
3421
2468
3506
3302
2881
3633
3286
2651
4647
5283
3114
2955
3830
2993
3222
3385
2987
9737
3809
3512
3384
6279
3253
0
4134
3496
5397
3166
2963
3284
3663
4205
3141
3084
3086
2578
3399
3073
2805
3053
3640
3381
0
3248
3016
2872
3393
3021
5046
3564
4194
3022
3708
2702
3264
3367
3306
3623
3010
2817
3682
3419
3111
2822
3733
3383
4525
3406
2611
3044
2964
3099
2557
3157
3346
4052
2709
3833
3537
3170
2771
3138
3390
3424
3427
3095
3476
3756
3976
2944
2901
3081
2625
3239
3358
3753
3451
9980
3377
2893
3126
3574
2991
3996
3544
3152
2950
3556
3243
3079
3358
3370
3490
3523
2825
2692
3686
2822
3144
3101
3150
4134
3338
3114
4710
3238
2658
3792
3077
3625
4222
3912
3573
3359
3443
3189
0
3105
3062
3119
3040
3834
3859
3718
4261
3157
2811
3156
4507
2686
6798
3164
3534
2992
4184
3316
2894
2562
3446
2781
3909
3136
2947
0
3309
3393
3951
3389
3344
4059
3595
4450
3493
4181
2690
2834
3251
4127
3047
3379
6195
3303
4377
3416
3389
3259
4374
4472
3167
3518
3856
3094
2981
3310
2801
4539
2935
3767
4662
3159
3097
2902
3142
3325
2618
3519
4190
3602
3393
3575
3286
3899
3811
2809
0
4052
3227
3269
3341
3058
0
3063
3804
2889
3617
3623
3368
3398
2899
3901
3325
3463
3865
3592
3400
2684
3372
3575
3318
3370
3574
2973
3036
2815
2833
3141
3815
3684
2713
3154
3719
2570
3428
2864
3225
2547
3250
3141
2843
3301
2585
4098
3102
3236
3311
3403
0
3320
2919
3003
3629
3246
3603
3031
2856
3191
3217
3183
3195
3193
0
3980
3564
3077
3340
3026
3628
3387
2704
5264
3552
3810
3797
3179
2468
3007
3371
3102
0
3209
0
3386
3910
3576
2872
2935
3087
4717
2611
3916
2810
3435
2964
3419
3402
3321
3313
3590
3675
4107
3082
4036
3188
2713
3647
4270
2564
3399
2695
3067
3954
2437
2829
2719
3403
4511
3523
3523
3234
3546
4026
3367
4494
4436
3048
2809
3361
3289
3148
3169
3113
4110
3890
3047
3425
3632
3033
3448
3553
2567
3676
2758
3098
0
3340
3144
6027
3730
3579
4199
3503
2866
3388
3746
4047
2885
3390
3097
3731
3062
2641
3333
3086
2889
3291
2957
2899
4397
2832
3344
3066
2990
4309
3165
2978
3432
3144
3220
3537
3429
3372
3137
3142
4092
4114
3127
3500
3067
4291
2635
3164
2970
3795
2770
2927
3424
3742
4462
3357
2914
2758
3674
2925
3903
3248
3827
2982
3102
3044
0
3051
2707
3798
2980
2995
3690
2796
3888
3205
3801
3264
2810
3172
2882
3299
3358
5387
2998
3693
3091
2819
3596
4305
3235
3492
3140
3101
2881
3036
2916
3515
3294
2901
3344
3401
3144
3682
4494
3019
3383
2685
3059
5358
3343
3168
2856
3307
2961
2978
2601
3116
3532
2949
4282
3204
2913
2763
3037
4107
3766
3438
3609
3071
3915
3259
3034
3310
0
3008
3311
2882
2871
3420
3286
3553
3155
3347
2760
2884
4382
3335
3680
3432
3590
4230
3220
2920
3470
3531
3157
3700
3291
2960
2888
3133
3323
4734
3019
4243
3620
2996
2959
3351
3127
3316
4048
3039
3526
3912
2639
3372
3201
3347
3075
3428
2841
3285
3145
3876
2637
3916
3651
2974
3034
3616
4513
4086
2869
3032
3194
3329
3662
3672
2887
3158
3501
0
3444
3190
3270
2974
2894
4433
2758
3303
3504
2787
2841
4294
3692
3512
3186
4157
3313
3203
3093
2887
4112
3557
3133
3528
3855
3665
3255
3738
2809
3001
3165
4086
2897
2784
3572
3074
3844
2990
3647
3436
3880
3209
3302
3183
3528
2997
3697
2523
2936
3398
3450
4024
3425
3176
2929
3414
2998
3572
3326
3267
3353
2770
3922
4080
4123
3134
3447
3107
3179
3292
3450
3430
3375
3607
3411
3250
3918
3497
3245
3087
3314
3880
3042
2940
2848
2785
3444
3786
3059
3058
2823
2977
3273
2846
4548
2895
4173
4781
2935
3317
3933
2797
3105
5303
3197
2670
5162
3377
3221
2648
3824
3220
3385
3400
3791
2946
3366
3436
2875
3127
2755
3262
2883
3401
3746
3479
3006
3220
3228
3125
3816
3344
3659
3624
2891
0
3224
2909
3314
5522
3519
3472
3338
3441
3611
2913
3276
3965
3290
3300
3357
2681
3861
2968
3511
3187
3813
3075
3099
2880
3046
3200
3363
4210
3271
3582
2710
2970
5357
3594
3138
3252
3362
3747
2535
2871
3302
4143
4584
2969
2960
3141
2833
3378
2983
0
3247
3099
3903
3812
3766
6134
0
3230
3102
2768
3134
2933
2617
3024
3100
3139
3304
3249
2967
3138
3406
3046
2986
3111
3094
3320
3139
3373
2894
3550
2933
3620
3390
3865
0
3415
3190
3902
0
3925
3063
5152
3751
3922
4435
3433
2754
3153
3228
3673
2986
3599
4544
3454
3347
4152
3529
4077
3517
6828
2998
4425
3062
2927
5037
2989
3127
3822
2971
2722
4099
2925
3163
3006
4175
3145
2833
3437
3140
3248
3477
2702
3320
2891
2852
4269
3107
3608
3106
0
2713
3212
3039
3173
3303
2982
2814
2963
3412
2936
2957
3977
3146
3091
2548
3370
0
8666
3075
2833
4069
2805
3070
3381
3106
3309
3062
3779
4013
3264
3429
3385
0
2802
7095
3147
3806
3122
3011
4613
3667
2898
3822
2861
3642
3644
2695
2802
3491
3445
2867
4173
2954
0
2768
3007
3146
3124
3268
2607
2837
7239
3187
11585
4241
3065
4123
3673
4397
3090
2659
3571
2846
3269
2871
3983
3273
2991
3368
3325
3766
3516
3064
3200
3963
2821
3348
3417
2965
2756
3451
2991
2709
3559
3487
3289
4542
3862
3079
3151
0
3097
3066
2644
3354
2861
3380
2991
3271
3160
3870
2875
2965
3803
3414
3922
3121
3069
3734
3835
3247
4234
3720
3951
3543
4314
3356
2956
3392
3341
4070
4769
2974
2661
3392
2983
3265
3396
3259
5134
3513
3536
3092
3536
2957
2801
3526
2374
3114
3844
3263
3832
3854
3345
2982
2897
3085
3462
2984
3995
2956
3254
3436
3651
4163
3215
3451
3016
3414
3818
3046
3422
3749
2849
3591
3421
3143
3696
2363
3215
3206
4214
3043
3441
3466
2905
3477
2977
3378
3109
2881
3084
2960
2898
2909
3547
3284
3591
3323
2783
3990
3501
3474
3193
3139
3006
3152
3640
4061
3980
3310
3744
3701
2952
3862
3479
3058
4099
3343
3610
3959
3085
4724
2846
3224
3814
0
3098
3533
2847
4032
3867
3173
3327
2730
3210
2963
3197
3861
3296
3114
3772
3113
0
2925
5442
3165
3295
3378
2952
3040
4417
3049
3682
2977
3082
3059
2883
3544
3421
4213
3617
3544
2717
3247
2849
3130
3581
3700
3636
3124
3273
4621
3369
2542
2416
0
3519
0
3191
4458
2968
2770
3680
4044
3280
3218
3508
3299
2647
3471
4000
3172
2948
0
3145
2663
3094
2564
4085
3843
3906
2810
3089
2905
4005
3236
3500
3502
2983
3143
4617
3450
4224
2974
2916
2776
3295
3547
3366
3584
0
3907
3661
2945
3684
3905
2858
2971
3112
3171
3233
3529
2840
3699
0
4399
3965
3188
3565
2853
3209
3650
2753
2856
3726
3675
3876
3852
3060
2941
4740
3400
2942
3300
3900
3702
2570
2962
3751
5802
3567
3149
2745
3188
3855
3191
3074
2953
3186
2992
3189
2775
3296
3355
4431
5154
3113
4296
3522
2416
2985
3112
3429
2957
3293
3526
3874
3497
3189
3342
2809
3555
3433
3075
3293
3068
3064
4457
3094
0
3457
3393
3168
3643
2979
2934
3565
4419
3388
3122
3323
3305
3865
2901
3073
0
3127
3361
3570
3199
3342
4289
4280
3515
3575
3701
3018
3222
2747
3398
2723
4209
3642
3123
2811
3011
3767
3000
2891
2638
2649
0
4078
3882
3846
2753
2565
3801
2777
4564
0
3366
4134
3336
3454
3188
3364
3168
2676
2536
3273
2994
3378
4228
2936
3191
4288
3765
3116
4430
3750
3060
3013
3033
3446
3202
3300
3610
3570
3160
3300
4183
3344
3157
3450
0
3797
2720
3180
3771
3393
3002
4499
2612
3322
3496
3677
4059
2880
3134
3081
3118
4069
4064
3025
3346
3521
3418
0
3021
6757
3061
3945
3031
3437
3882
2934
0
4081
3669
3047
4705
4186
3391
4100
3347
3956
4904
3233
3737
3065
3303
2976
2864
3634
2636
2789
3601
3527
2819
3688
4577
2987
3734
2946
3561
3579
2828
0
4150
3072
3392
2746
2986
3388
8471
3794
3833
4114
2983
6566
3546
3101
3572
2979
3206
3214
3027
3206
3638
3197
2968
2867
2913
3904
2829
3536
3325
3032
2899
2923
3042
3341
0
3695
3410
3893
3342
4019
3492
3283
3379
3646
4459
3267
3496
3078
2756
3046
2804
2899
3089
3562
3588
3394
0
3756
3599
2923
4045
3068
0
3106
3883
3525
3512
2994
3501
3533
4039
3231
2971
2941
3163
3325
2866
4195
2962
6380
3013
3291
3120
3278
4372
3617
2988
2540
2966
7010
3411
3256
3451
2935
3866
3368
2908
2922
3381
2824
3904
4290
3064
3171
3880
3257
2691
2964
3072
3536
3818
4344
2857
4261
3732
4480
3241
3827
4411
2724
3262
3105
4053
2993
3035
2933
3700
3340
0
3373
3946
3184
3298
3174
3431
3140
2756
3201
3813
3311
3217
7847
4686
3365
3180
5548
3067
3468
2570
3465
4035
3165
2928
2551
3928
3456
4490
3343
3058
2663
3496
3141
3719
3858
3753
4167
3687
5327
3472
3713
2984
4762
2917
3442
3068
4213
3169
2512
2882
4066
7739
4804
3404
3279
3298
2830
3243
3217
3480
3960
3396
2924
2968
3217
5849
2396
3533
2765
0
3490
3959
3574
3112
4702
3783
4650
2810
3063
2634
3998
5216
3311
3247
2911
2897
3522
3330
3401
3392
3130
3327
2892
3211
3207
3186
4423
2698
3316
2839
3152
3106
2694
3797
4668
2723
3092
3210
3382
2744
3317
3295
3180
3795
2577
4321
3463
5026
2940
3229
2936
2868
2869
3523
2692
2630
2914
4087
2856
3354
3841
3787
3323
3588
3744
3237
3590
3407
3440
3758
3467
3232
3222
4035
0
3468
3418
3049
2889
3263
2989
3139
3314
3740
3122
3438
3032
5119
3064
6641
3743
3971
3386
2910
3593
3144
3632
3091
0
2842
2755
4202
3046
3650
3319
2687
3703
3494
3297
2906
3283
3340
3105
3007
4516
3953
3298
2936
2725
3491
2864
2729
3159
3591
3265
3485
3658
2935
2664
3219
3270
4294
4377
0
3585
3058
3507
4487
3000
4309
2976
3634
3362
3731
3207
3377
2643
3633
0
2745
3391
3427
2951
3396
3594
3321
2888
4540
3920
2840
3012
3461
3110
3852
3699
3020
2924
2566
3417
3590
3102
3228
2530
3653
0
3116
3014
4773
3141
3201
3250
3406
6011
3244
3385
2961
3035
2906
4259
3271
3547
2863
3280
2701
3719
2770
3310
4576
3176
2741
3444
3672
3068
3220
4462
13133
3462
2666
0
3978
3962
2675
2769
3734
4717
3775
3337
3633
4374
3948
4309
3229
5036
3050
3039
3530
3253
3266
4759
3188
0
2699
4961
3276
4063
2659
4137
2971
3888
3582
2691
2897
3040
4117
3066
3282
4364
3470
4232
4117
4226
3665
2780
4252
3795
3612
3182
2933
2712
2792
2990
3866
2999
2476
3659
3088
2889
3575
3072
3863
4796
3976
3786
4364
2554
3695
3733
3221
4801
3085
2796
3124
4158
2574
3911
3289
3974
2884
2869
3144
3568
3644
3754
3756
3884
3844
0
2583
4547
3733
3751
4601
2773
3274
3924
3375
2738
2728
3551
4233
2950
4072
3684
3494
3093
4010
3578
2414
4063
4854
2833
4929
3600
2518
3916
4109
4250
4588
2891
3199
5690
2875
3783
4633
3475
2573
2807
3819
0
3222
2763
3381
3094
3760
2684
3860
3686
2670
3091
3132
3384
4571
3502
3522
3186
3904
3717
0
3676
3893
3715
0
4052
3957
3636
9088
3769
3590
0
3024
3561
3967
4185
4775
3894
3375
3765
3526
3780
3831
3729
3273
4374
3280
3340
3703
4109
4652
4277
0
4021
3218
4380
3619
3601
3462
4142
3452
3299
3650
3439
4079
3539
3873
4283
3436
3685
2892
4307
4724
2840
3932
3595
3902
3037
3664
3627
3636
3657
0
3596
3208
3296
4527
3401
3100
4249
3646
3308
3508
3532
3598
3630
3600
3774
4115
3600
4178
3952
3160
3563
4246
4487
3604
4013
3491
4892
4001
4265
3525
3703
4220
3702
3845
3606
3657
4048
3640
3779
3305
4263
3849
4134
3882
4002
3905
3716
3884
4119
3401
3277
3950
3504
3870
4689
3651
3634
3899
3561
4505
3501
4321
3090
3720
4755
3067
3805
3505
3757
3365
3463
3623
3983
3969
3368
3987
3553
4076
3970
4359
3576
4553
4590
3590
0
3577
3766
3673
3786
3822
3713
0
3242
2988
4207
3208
3395
3495
3655
3389
3538
3063
3659
4508
3479
3371
3250
3527
3986
4080
4139
3502
0
4157
3781
3846
3811
3630
3879
3378
3906
4075
4276
5504
4100
3094
3357
3926
3804
3526
3533
3424
3938
3956
4761
3743
4201
5583
4818
3777
4141
3414
3801
6374
3825
4525
3903
3426
3552
3463
3979
3935
4289
4233
4076
3800
4031
4606
4601
4193
3878
3966
3283
3610
3823
4679
3851
4021
3812
3552
3598
3231
3806
3458
3455
3315
4031
0
3661
3664
3912
6426
3755
0
3328
4183
3845
3404
5397
3879
3550
4179
4868
3530
3041
4473
3482
4509
3505
5735
4159
3473
4816
4292
3725
3005
4142
4996
3759
3710
3922
4422
3535
3800
3730
3724
0
3589
4128
5837
3536
3727
3522
4192
3708
3891
6023
3690
3866
0
4196
4284
3731
3747
3774
3421
3730
3155
3407
3698
3855
3677
3408
4282
4088
4156
3765
4045
3946
3790
3833
3581
17822
3765
3671
7135
4688
3337
3942
4083
3631
4023
3578
3734
3530
3596
3791
4269
6134
3554
4647
6416
4457
3522
3438
3744
3903
4053
3420
3532
3841
3806
4268
3450
3404
3567
3591
4202
3674
3717
3799
4971
3707
3329
3621
4145
0
3537
3846
0
3470
4634
7447
4772
3835
6131
3685
3447
4135
3482
3729
3864
4148
3268
3458
3421
3786
4498
3959
3344
3795
3870
4876
4028
3242
3944
4002
3338
0
3379
3938
6949
3539
3727
4208
3460
3949
3421
4634
3634
3939
3962
4247
4011
3887
3791
3446
4162
4492
3385
4516
3357
3462
3726
4085
3301
4562
3836
4214
4208
0
3738
3565
3965
3285
5373
3614
3579
3580
4271
3509
3997
3566
3437
3706
3600
3201
6044
4288
3809
3493
3466
3910
4084
3547
5249
3348
3303
4591
3596
3499
4083
7411
3227
5208
3488
3749
4272
5154
4410
3700
4291
3660
4257
3431
4075
3780
3924
3382
4201
3936
3466
4436
4103
3677
3377
3539
3970
3433
2928
3828
3312
4236
3446
4224
3180
4018
4138
3993
0
3847
3855
3862
3186
0
5190
3856
3662
3641
3531
3986
4060
3547
4001
5168
3587
3645
3582
3673
3382
5582
3646
3342
3463
3259
6774
4197
3954
4431
4868
4282
3341
3784
3782
3712
4045
3952
3124
5476
8371
3707
3892
3562
3999
4070
4682
3590
4108
0
3912
3787
6474
0
3511
4374
9497
4585
3326
4423
3381
6622
4405
5554
3911
0
4026
3593
3699
3785
5846
3657
3539
5574
3743
3826
3773
3812
0
5694
3322
0
4231
3791
5835
4046
4136
3467
3410
3532
3497
4381
3647
4105
3456
3330
4013
3966
3930
5443
0
5308
4384
7497
4762
4907
3779
3923
4511
4685
0
3204
3655
3696
3272
3406
3764
4833
3522
7941
12098
4792
3417
3115
3533
3437
4553
3780
4276
3630
3513
4330
3443
3867
3675
4068
3153
4422
3706
3723
3542
3262
3514
4608
4938
3778
4152
17875
4683
3408
3212
4273
4403
6644
3357
3882
4620
3893
6054
3693
0
3140
4741
3630
3837
4278
5654
3592
3730
3781
3842
5445
3551
4872
5810
3945
4232
0
3622
3663
3998
4377
5199
4770
3275
3358
7170
0
3768
4384
5669
6574
3286
6674
4846
3547
3993
4573
5266
3760
4295
4112
4176
5308
0
6309
3570
3479
5925
9668
4035
4119
4394
4736
6926
5250
4473
0
4820
3608
9205
4238
3452
3565
4290
6699
5793
4331
4108
3819
4309
6857
4070
4373
4875
9938
0
6127
5817
4092
7866
3761
11103
7831
8590
4988
4186
3328
4700
3693
7569
5808
8441
4691
3253
7629
3735
4403
4675
5591
7288
6588
4084
4116
4150
4075
5876
8458
8774
3300
8276
3651
3211
5102
4627
7940
