0
0
0
0
0
0
0
0
0
0
0
7556
0
8798
0
0
12550
9454
0
9786
0
0
0
0
0
11216
0
7357
0
11829
0
10059
10179
0
0
0
8641
8451
0
0
0
0
0
9480
0
9812
0
0
0
0
0
7759
7404
0
8622
8994
12865
0
0
0
0
8400
7908
9407
0
0
0
0
9653
0
10431
0
7743
0
8599
8411
0
12087
7854
0
10356
8342
7851
0
0
9986
0
9660
0
0
10212
0
0
0
0
0
11647
0
8992
7632
9130
0
0
9334
0
0
8831
0
7674
0
0
0
8509
0
0
8312
9087
8312
0
0
7458
10034
9643
0
0
0
0
9034
9374
8840
7927
12863
10897
0
7972
0
8920
0
0
0
0
0
11497
0
0
0
0
8808
0
0
0
12081
0
0
0
0
0
0
0
8950
0
0
9673
9223
10157
0
0
7643
11153
0
0
0
0
11292
0
7857
0
0
10001
8814
8843
8455
10411
8708
7259
7778
8588
8458
0
0
0
9011
0
11865
0
0
0
9435
7747
0
7488
7591
7348
8012
0
10081
0
7340
0
11202
7356
0
10167
8493
8976
8875
0
0
0
7795
0
7994
8404
0
10254
8159
9211
10397
8375
7467
9460
8171
6688
7409
0
6942
8130
8797
0
8987
8745
8029
0
0
8569
8793
0
8349
0
7932
8072
0
9043
0
0
10299
0
0
7586
0
8531
8644
7276
6570
9844
9514
11777
9960
0
0
7944
0
0
7513
11085
7391
8852
6633
0
8706
8416
9188
7420
7798
7914
10248
6890
7788
7102
7471
10087
0
7588
7850
6126
0
0
7918
6293
0
0
6924
7054
7489
9276
10298
6586
7763
8358
0
9048
7308
7894
8011
0
11408
8437
6696
9669
8188
7262
9179
0
7437
0
7572
9648
6102
9369
0
0
9129
8172
8553
6814
5621
7308
7865
8823
11371
6433
8841
0
9777
11412
7886
6087
7486
0
9412
6825
7075
9256
8188
8151
0
13655
0
0
0
7965
9380
8144
8411
0
10456
7710
0
0
8584
6411
0
6523
0
8489
11196
11712
9103
11428
10750
0
6348
6539
11884
5449
11105
7992
7750
6499
7509
0
0
6151
8153
6512
9443
6369
5748
8677
7403
9104
0
10710
7788
7820
8467
0
7626
8943
7140
7782
10115
8707
7828
8645
0
9527
7141
0
10876
7557
8067
6597
7837
5930
7073
6525
9182
5369
8139
9500
6866
8586
0
6140
7002
8634
8659
6015
0
6221
8827
7389
6326
0
6906
11044
7193
6088
8030
0
8476
9819
8744
0
0
5965
0
10186
0
9333
0
7001
7114
5879
5186
5393
5232
11481
4987
9879
10690
4170
8188
8116
9228
8927
5522
5860
6331
7200
15590
4093
11275
9540
5767
9767
3724
0
10714
13157
3800
10546
0
9048
5486
5972
0
7666
6732
3984
7291
6115
6724
0
8444
7235
10818
4371
7067
0
0
5806
8167
8594
9141
9777
5761
8334
12380
6150
8878
9098
8469
4639
0
7269
11372
6563
6635
14354
11092
6928
6570
0
4016
10751
0
7899
0
5967
7320
7404
7831
7044
4405
0
9499
7491
7438
6978
8121
9095
7001
6904
8565
0
4140
4411
4480
4467
6916
4471
4640
6532
12134
0
11614
0
9707
6713
7188
0
4550
9212
0
7087
7394
0
6446
6452
9433
7097
4618
0
10843
4527
3972
10197
13429
4109
5194
6443
4136
5198
10474
8826
3960
14508
4420
5021
0
10598
0
0
9188
4787
11323
4241
7641
4567
0
4555
7449
9817
10551
5301
4741
4390
0
0
7854
4763
8293
4919
5625
4454
6667
14031
4244
4686
4026
5296
14018
0
20771
8776
5651
4985
4321
6803
10684
5146
5267
5288
5616
0
4067
5720
9293
5118
8425
11745
8863
4885
5329
4395
4064
3652
10601
0
5295
0
4557
4900
5043
7578
4871
4554
14252
4928
4647
4660
4711
4852
4715
12254
5337
9612
9910
5758
4731
5980
10372
4075
13027
5205
4622
5238
10350
4567
4409
8261
5015
4278
5161
4159
0
10099
7690
0
4733
12917
8709
4785
5189
5109
5100
5975
8145
11944
4002
12779
0
4301
5999
8397
3884
6503
0
4192
12402
6130
4613
6013
5648
4392
4537
6139
4514
5514
5241
4957
0
7927
5656
5603
4971
4162
0
14332
5997
5039
4744
5908
4559
5115
4669
7937
11067
5494
4243
4712
4344
6133
8948
6901
5162
4219
7643
4402
0
11210
8998
5089
5316
8940
5608
0
5316
6617
9783
5379
4532
4591
6036
4687
8714
8216
4325
4862
6196
7387
10030
4512
5156
5855
5155
0
4303
4132
5192
4308
5010
6944
4965
6287
7046
0
6591
5362
4193
11405
4720
5420
0
7212
5530
4468
10053
4680
4458
4813
4325
14518
10915
5492
5657
6662
7367
6738
6621
3841
5058
4511
5374
12579
10141
5127
7184
5719
5222
6618
5100
8748
10032
0
0
5152
8099
3885
3918
4378
4830
4383
4665
3916
4691
4568
14299
4313
4996
5277
4699
10116
5376
4534
4922
4379
5872
4816
9520
4540
4061
8083
12189
4480
4275
7387
4491
4337
5268
6096
6263
5813
4091
0
7058
12932
5883
5151
5903
4653
6355
5562
5843
12031
0
6620
4858
0
5229
5123
4304
3761
4769
4824
4517
9727
3919
5285
3802
8025
9866
6110
5623
4182
4028
5166
6144
11296
6164
4627
6208
5250
5716
6471
5382
16801
7185
0
4935
7788
6026
4519
4894
6566
0
4223
4540
6815
4964
5588
5295
4375
8205
4637
5292
4521
5127
4884
4536
5026
5105
5279
4556
6386
4195
7466
4849
4693
3893
6945
4672
6551
5391
6417
0
5101
5007
3768
5662
6238
4856
4506
4191
4483
0
5012
8735
10856
4350
11770
4281
4814
5116
6189
4962
5403
4992
4646
6510
6513
5109
6349
5186
6608
5368
4226
4457
7889
5799
5020
3996
5578
4886
6532
7245
6197
9508
4569
5597
4739
4510
4643
4413
5522
7862
6017
4871
5310
7329
5227
3982
0
6933
8020
4518
4618
4265
8273
5081
5009
5383
4329
0
4893
4339
5295
3547
4250
5112
4197
4640
4705
4781
6317
6423
17143
5373
8863
5690
5190
7552
6536
5737
4380
0
5539
6095
4597
4406
5874
6074
5274
5671
7213
4735
5072
5441
4477
5299
4159
5533
4006
4543
7198
7480
4724
4897
6642
6497
3979
6477
4400
8645
5058
4845
4539
4592
5196
0
4620
4772
5698
7938
13878
7360
3651
5133
9361
4977
4549
9275
7759
21545
5981
4781
5996
5433
6543
6289
7141
8472
4009
4939
14463
4575
5503
5678
7132
4601
4169
5255
12793
4618
4488
5662
0
5399
4088
0
4374
4241
4817
5754
18895
10030
5785
5914
4894
0
5484
4747
5970
5039
7323
6739
7766
4717
0
5075
5505
4243
6662
9557
4908
6006
5216
5536
4652
4958
9401
5072
7996
5595
6278
8054
6499
4816
7807
4033
4927
4501
6129
0
4549
6139
5426
7788
5672
8159
5334
8000
4543
9660
5220
4774
0
4208
6451
4358
16557
6704
0
10400
4624
5872
4167
6177
4768
8775
4935
9024
4927
4714
0
8356
4693
7324
5854
6737
6042
5478
4139
4393
4873
6392
5925
4363
6159
0
4697
4963
6607
5656
0
10681
4782
7384
8311
12319
6429
10548
5903
8340
8989
4287
5388
9580
4612
6322
5103
7882
4775
4905
5428
4107
5411
4136
6080
4957
6975
6329
4609
10045
6707
7056
4971
4639
4409
8967
5538
4984
4068
5874
4072
4740
10775
4691
4815
6223
9000
5932
5805
4296
4218
9109
10643
4763
19334
4128
4011
6016
6752
4554
5093
6506
5492
4577
5859
7836
4201
5524
4275
5335
5942
7226
5206
4246
5107
6380
4865
6398
5107
16455
6560
4534
4862
6719
5281
5619
5533
4599
5471
5554
9658
4563
4709
4896
5062
6213
4679
5500
4477
4659
6274
8332
5715
7952
5097
5428
4878
0
6997
4152
4333
5515
6268
7193
6638
5068
5645
4850
6872
4332
5939
4547
5929
6270
5642
4809
4577
4636
5645
6385
0
5143
4453
4885
5836
5599
4218
6049
4762
5732
8810
5283
5067
8170
9145
5916
7977
0
4744
11025
4943
8246
11415
5818
8597
5041
5339
4141
9711
0
4868
6221
4851
5738
6515
10771
4717
4617
4069
4401
6248
4718
6624
6413
5218
4551
0
8229
5865
5046
5402
6612
4665
5994
10003
4532
6094
5384
5511
6729
6789
5273
6897
10151
11252
7149
6825
6433
4587
4944
7234
4888
0
5163
5460
5197
6452
4570
0
5331
9497
6219
6956
6893
9166
5390
9970
8222
9441
10994
4432
8861
5364
6460
6793
5338
5727
5414
5377
6685
6968
0
11552
5815
5318
5748
5709
7903
5154
5978
4413
7041
7543
5867
4749
5778
7825
5263
5677
0
4375
4868
5171
5264
6078
9303
5357
5570
5410
5228
4906
6278
7470
5290
5665
7327
9166
5494
6913
8736
8138
0
6587
6254
9178
0
5005
6379
5894
4909
10562
9074
