4112
3417
4091
3408
3702
3347
5283
3731
3779
3571
4654
4654
4464
4710
3961
4038
4142
3589
3181
3782
3640
3607
3654
3479
3492
4102
0
3309
4642
4006
4136
3685
4311
3412
3998
4361
4029
3866
0
4206
3571
3188
3925
4149
4134
4433
4145
4154
4451
3350
3453
4548
4256
0
4139
5274
4562
5060
3890
4529
3593
4947
3437
4061
4479
4155
3857
3909
3514
4229
3939
3219
4143
3993
4066
3698
3583
4227
0
3634
4948
3888
0
3935
0
4000
4189
3714
4919
3705
3881
4119
0
3708
4060
4311
3290
4324
3911
3413
3481
3532
3992
4008
4666
3323
3586
4151
3914
3719
2995
3953
3940
4277
3704
4331
3839
4624
4012
3811
4228
4555
4325
3354
3621
3568
3778
3295
3499
0
4855
3302
3407
3794
3402
3633
3244
3410
3681
4444
3473
4260
4634
3242
3947
4200
3998
3878
3275
3134
0
3929
3979
3944
4253
3344
3506
4937
3085
3297
3854
3722
2997
5065
3520
3788
4575
3779
3484
3164
3964
4106
3427
4344
4316
3623
3539
3454
3524
3839
3853
4572
3620
4216
4584
3917
3350
3387
3912
3998
3775
4535
3947
3823
3390
3595
3852
4903
4023
4166
4554
3884
4366
3564
2866
3396
4220
4210
3147
3929
3363
3980
3755
0
3207
4366
4276
3470
3158
4797
4011
3895
4576
3827
4421
3616
3006
4444
3815
3832
3375
4917
3395
4276
4034
4552
3578
3408
3881
3278
3516
3650
3875
3474
3300
3141
3171
3602
3346
4297
3696
3805
3796
4535
3586
4214
4910
4257
3360
3903
3601
4355
3158
3552
3482
3503
3930
0
4069
4426
3771
3640
4496
4929
3685
3349
0
3135
3984
3451
3642
4088
0
3412
3545
3579
4067
3978
3624
3139
3603
3422
4405
3147
4053
3839
4433
3883
4011
2875
4430
3438
3664
4047
3783
4308
4785
4775
3628
4777
4431
3092
3758
3906
3510
3414
3295
3989
4015
3298
4102
0
4000
3815
3539
3535
3523
3991
3334
3870
3574
3692
3221
3752
3660
4470
3696
4098
3556
3263
3593
4344
4108
3501
4146
3360
3941
3509
3981
3424
3596
3915
3755
3574
4315
0
4896
3811
3209
3458
3418
3405
3403
3667
3346
3508
4152
3793
3326
0
3481
3569
4575
0
3768
3650
3223
0
3689
3112
3810
3201
4859
3377
3326
4624
4294
3897
4323
3398
4333
3575
4998
3026
3590
3877
3796
3143
3569
3322
3171
0
3937
4167
3974
3054
4133
3410
3112
2857
3903
4165
3748
4060
0
3402
4142
3747
4526
3690
4416
3476
3245
3626
3667
3442
4811
3836
3905
3626
3591
4646
3207
3424
3456
5665
4269
4925
4171
3246
3381
3387
3645
3034
3894
3894
3308
3159
3055
3690
3960
3539
3319
3218
3458
3787
4433
3929
3847
2976
3268
3559
3696
0
3245
3824
2986
5514
4334
3729
3334
3128
3484
3770
3574
2935
4297
4208
2960
4039
3771
3310
3577
4713
3899
4325
3432
3186
3059
3288
3568
3421
4218
3523
3706
3263
3261
3558
3808
3594
5398
3504
4638
3932
3666
3279
3579
3140
4352
3223
3582
3719
3324
0
3280
3512
4069
3310
3836
3643
4310
3750
3567
3890
3531
4739
3568
4397
3784
3897
3950
3852
3589
3486
3479
4454
4005
4093
3375
3279
3048
3383
3425
3971
4053
3416
3465
3041
3573
3534
4478
3640
3262
3508
3451
4247
3709
3377
3107
3561
3837
4054
3287
3777
4711
3387
3062
3147
3770
3522
4187
3420
3998
3137
0
4029
4541
4224
3006
3656
3761
3436
4506
3054
3532
3638
3662
3965
4207
3609
2699
4135
2890
4389
4038
3365
3470
3271
4798
3981
4788
4113
3374
3520
3416
3905
4824
0
3101
3636
3371
2993
3725
4190
4081
3556
3487
4073
3622
3260
3513
3557
3822
4486
0
3373
4515
5033
3541
0
4320
3171
4491
4405
3391
2976
3802
3690
4024
2815
3135
3615
3519
4346
3112
2778
3294
3505
4579
3142
4995
2962
3269
3386
0
4432
4241
3811
3392
3611
4127
3384
3408
4484
3804
3719
3650
2948
3375
3140
3192
3048
3559
3166
3038
3599
3615
3571
3746
3940
4233
3668
3174
3006
3296
3517
3572
4270
4108
3947
3541
3026
3491
4370
3326
3494
4187
3232
4713
3321
3510
2962
3099
2922
3362
3462
3664
4248
4441
4616
3346
3678
4070
3671
3262
3824
3199
3183
3305
0
3160
4609
3255
2824
3971
3451
3519
6173
3786
3620
4310
3881
4412
3967
4021
4011
4032
3957
3368
2848
3324
3840
3440
3424
3918
3382
3591
0
3057
3574
2961
3870
4194
3346
3069
4561
4064
2982
3231
3439
3767
3539
3203
3741
3601
3399
3789
4142
3296
3950
3187
3806
3399
3524
3778
3261
3428
3166
3436
4157
3333
3288
3111
3425
5375
6026
3555
3533
3535
3639
4296
3582
4230
4896
4124
3346
3179
3374
3747
3566
3093
4097
3744
0
3397
2841
3804
3302
3452
4078
3921
3270
3953
3602
4254
3727
3031
3959
3247
3447
3186
4509
3595
3228
3287
5390
3416
3353
4027
3098
3976
3730
4429
3156
3556
4827
3526
4065
3306
3930
3340
3303
3194
3268
3703
2799
5483
3317
2799
3072
2880
3740
3880
3150
3340
3754
3055
2915
3637
3026
3577
3862
2969
4395
3854
3402
3372
3896
3727
3172
4108
3115
2927
3723
2785
3395
3652
4090
3291
3528
3045
3609
2995
3880
3191
4221
3215
3790
3960
3248
4337
3222
2764
4017
3654
3395
3890
3145
3482
3270
3462
2960
3168
3112
3829
3574
3298
3567
3224
3858
3236
3367
4109
3202
0
2877
3063
3902
3105
3464
2955
3734
3374
0
3502
3716
3350
3154
2870
3201
3609
3708
2790
3598
2985
4120
3891
3693
3113
3494
3157
3923
3850
3816
4056
3180
3255
3309
3330
3211
3062
3036
3068
3399
4113
5140
3265
3352
4023
3252
3403
3595
3634
3638
3830
3376
3642
3155
3471
3687
3046
3935
3142
3894
3415
3202
3132
3495
3673
3376
3381
3858
3304
2891
3528
5199
0
3472
4185
4087
4350
3235
2501
3193
3065
3054
3729
2992
3577
3812
3628
4151
3375
3243
4005
3338
4229
3276
2869
2862
4162
2336
3975
3746
3524
3700
3539
3259
2853
3568
2980
2981
3053
2431
3569
4019
3697
2933
2866
3321
3057
3737
5484
3637
2888
2892
3812
2632
2886
3455
2732
3275
0
2884
3112
3930
4324
3115
4314
4263
3271
4133
3789
3080
2520
2618
3309
2470
3242
2731
3738
4645
4028
3106
3198
3714
3238
3196
3733
2965
3684
2739
3601
3819
3839
3393
3422
3785
4073
3145
3196
2980
2923
3964
3384
3156
3965
3570
3088
3612
4100
3531
3157
4271
3713
3886
4111
2905
4269
4479
3104
3207
4041
3393
2492
3962
2982
3768
2457
3382
4336
3585
3502
4657
3171
2652
3814
2766
3630
3357
3945
3910
3686
3612
3322
3547
0
3578
2862
2798
3666
2981
3275
3979
3381
3155
4446
2567
0
3696
2793
4078
3987
0
2797
5038
2770
2697
3624
2449
2860
2628
4013
3533
3267
2942
2906
3484
3455
2502
3367
4127
3813
2830
3202
2435
4193
4260
2853
2851
2855
2975
2730
2840
3988
2577
2852
3084
3711
2767
3438
3130
3599
0
3452
3427
2957
3991
2519
4148
3383
3023
2503
3232
4043
3767
2814
2751
4008
3795
3794
2540
3000
3417
3473
2545
3178
0
0
3185
3597
3887
3595
3421
4424
3576
3398
0
2847
2855
2890
2667
2640
2660
3841
3445
2649
2502
3550
3610
2809
3249
2803
3449
2774
2863
2408
3127
3125
3193
3585
3819
3048
3131
2904
2793
0
4309
3723
2617
2987
2860
3596
3590
3148
2866
3262
3675
3853
2760
2655
3890
2639
4545
2923
3327
3169
3685
2957
3005
2942
3422
2634
2590
4824
2899
2761
3438
3193
3754
2655
3275
3351
2887
3558
0
6081
2835
2954
3906
4117
3530
3126
2735
2469
2628
2686
2875
3183
3250
2745
0
2647
2913
4631
2719
3782
2967
2605
4412
0
2935
4028
3250
2982
2592
3045
2843
3660
4009
2915
2786
0
2981
4231
3081
4101
2900
3497
2464
3438
2826
2704
0
3005
0
3013
3533
2841
2866
2902
2753
2644
2796
3087
2330
3752
2572
2698
3374
3863
5661
2955
2973
2888
3131
2963
2827
3062
2698
2862
3119
2890
3064
2905
2344
3785
3363
3137
3493
3077
2778
2838
3226
2744
3033
3025
2428
2967
3393
2673
3080
3225
3500
2503
0
2828
2532
4613
3080
2648
3069
2905
3982
3723
3325
4280
3547
2253
3110
2986
2748
2944
0
3347
3941
2827
3369
2438
2372
2771
2600
3057
3033
3104
2752
3083
2873
3321
2800
3773
3208
3289
3215
3944
2812
2507
2915
3137
3022
2781
3597
3976
3559
3340
2943
2809
3062
3314
0
3099
2905
2678
2514
3027
2572
2882
2624
2380
3037
2632
2687
0
3201
2653
0
3266
2917
2499
3258
3142
3043
2741
3177
3249
3053
2751
3163
4456
3406
3465
3754
3292
2709
3229
5286
3000
0
2998
3100
2641
2468
2721
2463
0
2715
3562
4261
0
3198
2790
3071
2907
3052
3351
3255
3070
3094
3681
2788
3858
0
3295
3158
3090
2552
3586
2884
3797
2930
3190
0
2571
2953
2640
3670
2798
3331
2771
2691
3643
3296
2982
2689
2743
2591
2964
3441
2443
2531
2446
2486
2458
3000
2950
2791
2667
3066
2321
2732
3879
2662
2713
3289
3103
3092
2853
2807
3163
3281
2760
2910
3119
3313
3133
3321
2961
3407
3645
3746
3096
4003
3111
2799
3165
3003
3598
2807
2814
2858
3654
3777
3098
2707
3303
3402
2856
3188
3495
4287
2781
3348
3150
3176
3707
3849
2557
2539
0
3140
2807
3361
2922
2777
3108
2987
3286
3129
2685
3139
2680
2910
4260
2705
2919
2803
2726
2983
3302
3188
4083
2989
3514
2971
2697
3008
3168
3066
0
3448
4063
2928
3279
2914
2790
4021
3158
2633
2702
2883
3432
3283
3581
2980
3218
3484
2574
3202
2681
2900
0
2724
3841
2602
2849
2896
3049
2807
3277
2712
2984
2517
3576
4468
3406
0
2521
2807
2662
0
0
3146
3194
3046
3003
2990
2902
2725
3524
3204
3721
2756
4037
4058
3718
3183
2830
3316
3522
3490
0
2898
2804
2850
3828
3427
2604
3051
3188
3017
3877
2761
2950
0
2660
3002
2787
3860
3260
2935
2992
3136
3267
2813
3197
2626
2842
2755
3174
3026
3853
2627
4062
3050
2701
3464
0
3200
2939
4129
4107
2815
2567
2723
0
2972
2855
4333
2603
2966
2992
3514
3390
0
2848
2474
3387
3179
3283
3263
2464
2944
2391
3110
2856
3148
3077
3124
3088
2986
3882
3757
0
3010
3937
3342
2639
0
3940
2872
3283
0
3266
3561
3097
2946
3010
2730
3101
3362
3948
3345
3314
3225
2831
2689
3863
3021
3495
2608
2852
2825
3546
3133
3943
3208
2879
3542
2985
3824
3146
2778
3261
2856
3006
0
2752
2425
3250
3105
3014
3439
2970
3370
3358
2981
3262
3352
2718
2652
4415
2774
3133
3264
2868
2834
2787
2876
2850
3688
3063
3461
2592
3267
3456
2856
3555
3036
2850
0
2635
3745
3133
3150
3261
3281
3420
3754
3215
3150
3358
3351
2914
3229
3676
3227
3281
3340
3246
3661
2867
2331
2978
3615
2762
2831
2727
3081
2915
2644
3831
2958
2747
3075
3132
2589
3315
3427
3018
3973
2859
3537
3380
2721
3043
3516
3140
3301
3403
3052
0
3504
3087
3148
2682
2858
2819
3240
2970
0
2845
3045
2681
3021
4207
0
3113
3959
3393
3164
3882
3273
0
3319
2642
4124
2862
3070
3828
3319
2656
0
0
3053
3250
3332
3205
2773
3495
2520
2633
2980
3443
3301
2731
3875
2966
2574
2860
3117
2644
3083
2716
3113
4661
3769
2991
2886
3188
2758
3041
2925
2746
3351
2620
3173
2839
3752
2930
2887
2909
2432
3118
2870
3398
2887
3138
2981
3000
2968
3623
3295
3073
4358
2852
2537
3641
2994
3583
3358
3367
2751
4136
2712
3480
3479
2820
3176
3453
2813
2986
2775
3241
3272
3236
2801
3319
3250
2727
2516
0
3525
3565
2998
3940
3628
2570
3080
3105
2708
3035
3583
3142
0
3050
3166
4031
3401
3262
2803
3007
2800
2926
0
2717
3076
3215
3285
3560
2616
3391
3281
3267
3442
2685
3574
3189
2876
2545
3270
2632
2763
2869
3680
3459
2468
2941
3166
3252
3307
2918
2970
2815
2904
4723
2849
3168
2916
3005
4029
3355
0
3677
0
3291
2953
3741
3161
2743
2893
3763
3019
2844
2614
0
2788
3533
2565
2980
2457
0
3064
3858
3365
2906
2896
2935
0
3043
2918
2312
3155
2621
2593
3495
2657
3838
3343
3048
3736
0
3354
2816
2748
3654
3091
2735
2620
3599
3671
2822
2984
3421
3025
3682
2897
3105
0
2753
4051
3595
3074
2802
2503
2892
3428
3222
3562
3726
3479
3014
2730
2737
3051
2909
3130
4081
4358
2781
2899
3048
3315
2634
3066
2594
2854
3254
2378
3737
2531
3662
2894
2506
3578
2689
2694
2890
2922
2610
3237
2567
2433
2976
2922
3376
3091
2794
2717
2711
4060
3466
2977
3939
2664
2651
2884
3408
2961
0
2862
3203
3012
2960
2574
2942
3597
3569
2643
3303
3553
0
0
3299
3261
3600
2908
2633
3244
3122
3888
2821
2836
3513
3679
2904
3154
2484
3783
2770
3636
2608
3948
3693
2603
3893
0
3626
3518
0
3245
2822
2540
4000
3597
3324
3023
3035
2873
2740
3210
2998
3474
2897
2955
3260
2819
3132
3222
2577
3310
3003
2887
2683
3070
2947
3112
2803
2936
0
3012
2644
3147
2985
3102
3024
2957
3613
2796
2933
2721
3739
2929
2755
2646
3362
3509
2671
3089
2585
2995
2622
2514
3276
3071
3258
3232
2476
2847
2579
2574
4012
2687
3359
2752
3262
3265
2780
2867
3285
2717
2464
2601
3585
2879
2500
2635
2573
3190
3735
0
3379
2833
2905
3320
3969
2607
2983
2525
0
2982
2807
2805
0
3768
3275
3222
3749
3324
3021
3395
3016
2856
3368
4308
3014
3028
2971
2835
3438
3517
2598
2943
3694
2820
2938
3820
2771
3399
2773
2871
4260
2362
3183
2531
2663
2665
2936
3030
3339
3125
2872
2804
2797
3051
3652
2641
3500
2859
2713
3961
2743
2656
2793
3202
2974
2975
4241
2770
2934
2725
3653
2830
2685
0
2638
4673
3669
2953
3173
2904
4107
3748
3238
3111
3119
2504
3170
2742
2853
2434
3048
3051
3513
2716
2596
2733
2764
3486
2931
4067
2378
3851
4679
2719
2715
2624
3117
3132
2971
3488
3267
3457
2985
2631
0
2773
0
3230
2548
3012
3144
3452
3082
3748
2806
0
3255
3009
3613
3802
3733
3323
3564
2899
2983
3153
3066
3120
3057
3629
3203
3349
2961
2970
3473
3152
3736
3253
2830
2759
3400
3831
4295
2576
3912
2879
2951
3200
2478
3354
3870
3019
3133
3977
3458
2819
3576
0
2582
3257
2617
2858
2520
2916
3569
2634
3854
2786
2909
3173
2874
3527
2881
3676
3629
3202
3233
2946
2758
2544
3432
3104
3705
2629
2948
2877
3411
3269
3867
3261
0
2625
2627
2812
3387
3659
3966
2876
3006
2712
2465
2921
3019
3225
3157
2674
2789
2664
3090
2822
3265
4120
3238
3312
3373
2593
3441
2929
2725
3144
3741
2662
3318
3429
2737
2735
2731
2998
0
3278
2542
0
2850
2766
2869
3861
3183
3125
2804
3212
2759
3326
3217
2979
3489
3726
0
3084
3640
3666
3040
0
3295
2614
0
3088
2661
2413
0
2769
3605
2731
0
0
3515
2661
2957
2843
0
3628
3315
2976
3084
2911
2425
3301
3459
3264
2964
2368
0
2972
3580
3670
2863
0
2634
3504
3383
0
3167
2959
2969
4319
3374
3054
2814
2815
2868
2820
0
3298
3340
2885
3674
3415
3444
3083
2868
3281
2715
2747
2949
3527
4004
3426
3415
3722
4346
2931
2634
2848
3155
3405
3249
3621
2924
3233
2805
2938
2728
3012
3442
2574
3696
3400
3452
3580
3208
2451
2562
2528
2856
3066
2838
2910
2886
0
3133
2931
4874
3077
2523
2743
3414
3427
3521
3717
2875
3289
2657
4067
2514
2980
2717
2820
2931
3717
2998
3043
2920
3173
2778
2526
3935
3536
3087
3643
3096
3574
2830
4830
3913
3283
2975
3311
3897
2591
2547
4571
2496
3236
2825
3812
2916
3425
2364
2886
3857
2748
2994
3348
3390
2692
4117
2856
2819
0
2950
3243
2772
3417
2866
3049
4024
0
2798
3721
3167
3273
3553
2840
4029
2835
3348
0
3307
0
2419
3822
2771
2883
2882
3180
2999
2842
2900
2903
2574
2575
3301
2604
2946
2837
3044
3104
2913
0
3058
2918
3161
2773
2763
3064
2449
3114
2738
3208
2377
3228
3369
3296
3321
2906
3308
2654
0
2899
2892
3352
2637
3087
5912
3393
2894
3447
2686
3066
2821
0
2788
3557
3192
0
2833
3780
3225
2622
3181
3596
2781
2795
3263
3166
3368
3292
2807
2855
3102
3709
3013
2978
2793
2864
3085
3181
3085
2989
2876
3209
2817
2465
3171
3450
3587
2682
3195
3139
2523
3044
2929
2642
3649
0
2942
3383
2732
2823
3226
3774
2680
3281
3127
3688
2992
3212
2835
2968
2730
2930
3089
3262
3222
2723
4222
3475
2773
2868
0
3913
2741
2883
3099
2993
3037
2594
5005
3278
3050
2449
2671
2968
0
3230
3138
3261
3186
2672
3655
3175
3179
3322
3098
3160
3317
3734
3142
3014
2325
3807
3597
2875
2860
2814
2831
2619
3362
3946
3314
2886
2886
3305
2612
3100
3059
2924
3576
2582
2703
3285
3023
2800
4246
3006
3310
3899
2477
2457
2667
0
3026
3519
0
2792
3184
2899
2941
3169
3268
3229
2742
3226
3562
2849
2651
3485
2812
3194
3620
3722
2796
3255
4287
2994
0
3693
2996
3386
2749
3044
3837
3196
3465
2728
2877
2760
3320
3239
2833
3294
2715
3300
3113
4042
3473
3398
3933
2995
2521
2970
0
3576
3093
2847
2849
3212
2670
2941
2981
2490
3027
3056
0
3204
3308
3404
3897
2641
2622
2901
3301
3253
2829
3130
3038
3713
3373
3002
3164
3096
3297
2934
3283
2856
3229
2575
3464
2715
3049
3996
3487
2584
2446
3732
2654
2777
3096
2691
3997
3272
0
2807
3868
3354
0
2724
3360
2961
0
2741
3213
3295
3332
3609
3581
3247
4379
3138
3085
4002
2292
2848
3007
2434
2853
2985
3859
2981
3211
3662
2754
3366
2494
2237
2978
2535
2922
4612
3370
2362
3455
3341
0
3593
0
2667
3243
3371
2944
2774
2527
2568
2836
0
3373
2790
3078
2855
2751
2745
3204
3258
3660
3193
2791
2867
2938
0
2730
2848
4066
2348
0
3118
3231
0
2672
2853
2619
2810
2741
3119
3009
2906
3549
3264
3269
3017
2923
3490
2782
3203
2864
3631
3253
2614
0
3704
3197
3476
3166
3118
2567
3552
3080
0
2822
2823
2553
2974
2780
3051
2644
4567
0
3583
2751
2936
3376
3106
3953
2667
2859
2940
3104
2876
3866
0
3085
3354
4053
3159
3063
3226
2664
3090
3055
2586
3020
2973
2857
2619
2499
3549
2984
3713
3295
2924
2757
3041
2951
3131
3057
3256
0
2651
0
3127
2904
4051
2573
2507
2852
2326
2907
2980
3284
2548
3220
2642
3258
3488
2713
3441
2949
2594
2874
3181
3047
2968
3800
3492
0
3361
2826
2895
3304
2841
3016
3157
2666
3709
3845
2946
3077
3578
3670
2952
2983
2487
2838
3504
2927
2737
3213
3484
3057
3154
3024
3748
3364
3021
3483
2540
3351
3056
3593
3004
3450
3170
2830
2801
3278
3073
2912
0
3797
2424
2491
2514
2573
3208
2502
3016
2703
2827
2876
3441
0
2681
3525
0
2708
2341
2986
3091
3091
2798
0
2900
2987
3173
2498
3019
0
3128
2669
2692
3585
2527
4025
2648
3441
2748
2661
2496
3076
3219
2751
4031
2680
2786
2765
3227
3205
2834
3182
3076
2857
2826
2949
2957
3403
3160
2523
2775
2980
2841
2654
0
3105
3289
2493
2753
4010
3599
3571
2558
0
0
2896
3300
2483
2793
2769
3176
2927
3777
2796
3324
3163
3013
2917
4164
3549
2722
3611
3097
0
2851
2738
2769
2987
2913
3295
3476
3649
4247
3417
3535
2578
2675
3303
2839
3154
2957
0
3460
3934
3040
2790
2782
2872
3701
3636
2722
3705
4124
2615
2890
3023
2822
2198
4262
3273
3423
2859
2693
3795
3188
2528
4511
2868
0
2616
3685
3854
2622
3450
3023
3138
4011
3260
3626
2856
2868
3845
2832
3713
2608
2330
3109
3189
2586
3677
2965
2946
2827
3108
2787
2736
0
2805
3374
2829
3885
0
3019
2642
3196
2448
0
3050
2838
2872
2749
4231
2800
3306
2453
2908
3993
3225
3180
2544
3004
3124
3501
3062
3236
3827
3357
0
2665
3212
3356
3800
0
2788
2645
2921
2909
3453
3156
2799
3076
3062
3006
3220
3693
2319
2852
2572
3859
2885
0
2703
2910
3673
2982
3449
3059
2831
2912
2749
3022
3037
2937
2920
2795
2861
3045
2824
2570
2684
2761
2831
3912
3247
2889
2928
2506
3072
0
2923
2882
2983
3937
2934
3108
2998
2751
3524
3827
2933
2570
3437
2475
2883
3278
3029
0
3384
3847
2515
2665
3298
3054
0
0
2809
3099
3316
2719
3034
2917
3745
2553
2865
2544
2969
2817
3115
3559
2923
3032
3222
3266
3437
4033
2395
0
2897
3603
2948
3606
3432
2629
2795
2670
3815
2902
3164
3596
2969
2737
3460
2709
3066
3203
0
3326
3422
2982
3219
3316
3067
2636
3222
2726
2811
2888
3453
3540
2606
3869
2774
2925
3027
3487
2646
2837
3542
2902
2663
2983
2936
2878
2827
2739
3819
3335
3341
2628
2568
0
3297
2729
2576
2490
3985
2656
4964
0
3214
2733
2947
2871
2803
3332
2474
2845
3592
2934
4328
3273
3108
2750
2636
3209
3568
2966
2716
3067
3330
3141
3486
3250
2545
3413
3220
2472
2981
2601
2855
2897
3272
3180
3201
2884
2645
3311
2812
3285
3079
3407
3459
3140
2867
3551
3189
2814
2463
2943
3827
3453
2682
3441
0
2230
2963
3250
3855
2534
2806
2846
3103
2513
3729
2982
3090
3484
3872
3263
3134
2588
3291
2531
3657
3272
3021
3137
2907
3041
2834
2594
2982
2867
2987
2652
2789
2567
2419
2668
3634
2899
3980
3098
2877
3253
3164
2764
3069
2921
2937
2948
2799
2889
3253
2962
3123
2791
2827
0
3086
4242
2966
2907
2803
2641
3211
4098
2899
3807
2460
3339
3232
3348
3111
2887
2965
3116
3062
3216
2774
2819
2592
2614
2756
2676
3347
3359
2893
2788
2709
2835
3181
0
2761
3188
3321
3182
2736
3022
2928
2883
2731
3493
3409
2969
2831
2799
2858
3400
2830
2777
2963
3165
2782
4260
3162
3237
3373
2832
2793
2687
3544
3059
3144
3202
3330
4194
3233
3416
2897
3837
3048
2510
0
2948
2826
2636
2806
3468
2770
3386
2532
3634
3053
3047
2938
3078
3365
3139
2685
3552
3448
3007
3214
3485
2999
2608
2759
3358
3253
0
2786
3006
2871
2948
2824
2845
3525
2706
2649
2739
3138
3261
2881
3135
4039
2964
2895
3157
2424
2741
3014
2687
2831
2990
3343
3011
2950
3610
2804
3766
2399
3370
2770
2796
3014
3436
0
2877
3612
2995
3557
2634
2827
2659
3622
3266
2727
3085
3601
2760
2807
2902
2722
2604
3136
2828
3199
2712
3284
2985
4006
2825
3163
3421
3537
2711
3271
2740
3509
2718
3530
2639
3558
3977
2824
3165
3875
2735
3880
2889
3282
3139
2947
3688
3284
3146
3316
2900
3186
3120
3911
3392
2738
0
2966
2645
2860
3044
3083
2928
3405
3306
3175
3183
3779
3382
2711
2655
3006
2970
2861
2823
2874
3744
3311
2646
2887
3536
3843
2503
2853
0
3348
4539
2602
0
3339
3253
3419
3434
3564
3343
2680
3307
3219
3035
3101
3558
3092
2872
3279
3016
2983
0
2835
2931
3056
3179
3127
3088
2968
2733
2568
3314
3068
3170
2889
0
2833
3057
3242
2855
2636
3631
0
3078
3295
3326
3459
2848
2852
2833
2752
0
3736
2709
3075
3825
2947
3220
3524
3000
2490
2770
3500
3211
2621
2922
2688
3023
2681
2291
3893
3188
3494
3404
2883
5204
3073
2902
2660
3297
3093
3343
0
3000
3446
3338
3208
3509
2673
2678
2992
2654
3349
2746
3588
2805
2541
2872
3680
4536
3114
2653
3069
2763
3466
2708
2988
3409
2674
2863
3078
4243
3228
2889
4892
2431
3564
2727
2465
3274
2941
2910
4739
2659
2488
3749
3217
3032
3111
3077
3074
2378
3027
2642
0
2972
2559
4329
2820
2657
2285
2331
3167
3141
3353
2687
4438
3230
3074
4763
2988
3333
4095
2509
3216
3295
2893
2544
3025
3385
2597
2734
2474
2985
0
3326
3127
4152
3852
2550
2652
2621
4157
2735
2818
3248
5064
2764
2818
2883
4269
2620
3347
3205
2560
2706
3116
3345
2404
3097
2810
4035
2683
3258
3230
2724
3117
2804
3216
0
2950
4618
3122
2676
3342
4135
3491
2974
4214
2759
2862
3131
2876
3683
3993
2777
4435
4237
2983
2837
2339
2494
2781
2958
2902
2791
2468
4681
3371
3363
3098
2946
2914
2904
2598
2936
3383
3761
3017
2859
2410
2475
2936
2673
3821
3265
2591
4443
3983
2883
4017
2710
2395
3859
3067
3760
3723
2639
3634
3556
2984
2538
2840
3883
2630
3574
2790
3247
4756
3279
3749
2782
2590
0
3559
0
3665
3327
2484
3029
4086
3230
2724
2690
2830
3411
3023
2716
2276
3994
4995
3806
3551
2862
0
3898
2730
2788
3580
3490
3560
3137
2604
3173
3030
4015
4207
3970
3396
3657
2950
2601
4072
3857
3415
2720
2686
2589
2849
3484
3964
2777
3541
3144
3496
3767
3388
4614
2914
3336
3944
3381
2355
2532
0
2843
4065
4358
3855
3324
3755
3834
3203
3023
2813
3739
3258
2807
3769
3334
3549
4293
3873
4358
2793
3582
3930
4054
5887
3318
3814
3044
3486
3702
3594
3684
3459
3660
3985
2569
3168
4052
3856
3461
4078
2687
4363
0
3720
3503
4079
3690
3180
3807
4183
4407
3560
4312
0
3810
3517
3284
3733
3091
3507
3692
3136
4246
4091
3429
3233
3842
3569
3739
3661
3463
3219
3123
3678
3246
0
3528
3503
3428
3090
3893
3724
3669
3679
3639
4156
3342
3658
3932
3569
3194
3337
2482
2336
4299
3622
4072
3686
3294
3764
3154
4085
3119
3357
4165
0
3211
3578
3731
3542
3737
3099
3242
3280
3771
3238
3207
3411
4558
3853
3743
3026
2981
4079
3387
3872
4013
3206
3895
4642
3293
3560
3591
3830
3537
3864
3235
4018
4166
3684
3705
3026
4367
3759
4239
0
3581
3878
2860
3504
4270
3734
0
3769
3473
3905
3939
3425
4021
3416
4774
3842
4067
4300
3859
4233
4008
3926
3923
3345
3610
3739
4382
0
3359
3646
4624
3649
4240
3387
3604
3334
3405
4219
4163
3914
3469
3190
3399
4716
3679
3751
3551
3313
3637
0
8124
3511
3504
3168
3465
3651
3966
4159
3933
3782
4137
3997
3698
4392
3603
3987
10271
3949
4566
3941
3089
3467
3453
3812
4091
3072
3257
3191
3943
4377
3408
0
3281
3700
3284
3609
3883
3920
3811
3404
3355
3983
3445
3690
3763
4047
3314
5004
3476
4278
3977
0
3721
3816
3250
3731
3716
3659
4165
4338
3352
3279
3553
4434
3854
3916
3507
3497
3740
0
3704
3919
3517
3602
3839
4774
3347
3564
3712
4102
4507
3722
4001
3600
3560
3766
4186
4141
3455
3371
3847
3599
4643
3519
3348
3646
4376
3939
3993
3692
4007
3621
3841
3727
4179
3946
3432
3438
3340
3360
3498
3739
3543
3977
3186
3891
3534
4015
3471
3324
5117
3799
3586
3335
3467
3396
3624
4070
3082
4101
3858
3295
3213
3692
4192
3062
3506
3561
3296
3651
3607
3817
4014
3276
3539
3898
3738
4313
3490
3196
3491
4621
4076
3628
3311
3487
4856
3840
3189
3824
3472
4349
3969
4879
3396
0
3497
3259
3489
0
4151
3944
3703
3410
3632
3272
3871
4496
3476
2975
4070
4116
3683
4662
3868
3399
3856
4437
12658
3502
3721
3888
0
3844
3084
3752
0
3686
3966
3923
2984
3374
4016
4711
3688
4063
3638
4010
3551
4140
5738
3969
3990
4637
4080
3558
3645
4183
3417
3766
3899
3765
3563
0
3671
3865
5008
4473
3342
3539
3084
3453
3480
4724
4583
3374
3618
3700
4060
3682
3566
3416
3658
3690
3464
4098
0
3131
3181
3243
3448
3877
4383
4283
3764
8346
4027
3081
4362
3641
3184
4010
3534
3394
4046
3659
3403
3538
3206
0
3359
3436
8219
3563
4936
4105
0
2984
3539
3740
3402
3663
4435
3520
3257
3261
4362
3803
3443
4629
3765
3672
3705
3354
3696
3704
4241
8974
0
3501
4243
3107
3481
3220
3945
3692
3184
3279
3389
3313
3792
3847
3130
4007
3717
4299
3445
3091
4591
4602
3424
3760
4403
3725
3517
3307
3099
4027
3421
3685
4024
3337
3465
3347
3424
3472
3412
3647
3700
3436
3766
4892
5032
4427
3569
3870
3259
3514
3602
3383
4569
4894
5284
3128
4021
3138
4076
3226
3517
3210
3828
4856
0
3711
3105
3103
3892
3725
3752
3492
6300
5565
3569
4775
3353
3988
3241
3413
2998
3625
3249
3608
3717
2769
3404
3362
3398
3938
4323
3151
4196
3358
3526
3677
4783
3968
3059
3178
3539
4052
0
6899
4159
3266
5144
4074
3261
0
3436
4697
4141
3411
3337
4180
3597
4722
3017
5156
4823
5610
3739
4174
9321
4985
3386
3168
4662
3427
3556
3091
4177
3389
3570
3425
6748
5281
3194
6815
3133
4478
3853
4535
4660
3064
7146
2826
3392
4073
3820
3626
3298
3152
4946
7427
3204
4293
4705
3494
3747
3472
6487
3633
4324
4071
4705
3974
3976
3561
3349
3450
3380
9071
4392
4963
3509
7875
3716
5312
4290
4076
3470
3620
5151
3504
4679
3672
7084
3733
4913
4563
3829
4479
2862
3200
3189
3149
7425
4811
4983
3383
3972
4390
5961
3813
3129
3643
5615
5039
3152
3030
3705
6064
4872
5101
5189
3598
4139
4042
4773
3215
3741
9077
3920
2929
4732
5701
4330
3037
4298
3719
4598
4443
3597
4280
3569
3376
6944
15361
3766
