4449
4866
0
4582
4550
0
5049
5154
4225
4458
4084
0
5895
0
4850
5528
4896
0
5117
5104
3919
4184
3922
4279
0
4065
4448
4788
4310
6091
0
4317
4478
3901
4772
4373
3885
4258
4316
3723
3558
5008
3853
4177
7894
0
4907
4822
4218
0
4211
5001
4933
3808
3992
4251
4151
4382
4456
4357
3846
0
3920
0
3952
4652
4010
4166
3764
4149
4494
6112
4636
5019
4485
4633
3995
4039
3725
4480
4065
3924
4402
6302
4548
4349
5106
5415
4387
4556
0
3906
0
6203
4471
4674
3656
4617
0
5071
3463
5198
5001
4479
4617
4488
4458
3270
4379
5328
3444
3426
4003
4502
3835
3934
3636
3966
4523
4983
3779
5146
4816
4580
4626
5170
4338
5033
0
5036
4822
0
4472
3209
3666
4246
4255
5068
5629
4555
4141
4125
4996
3469
5997
4303
3976
0
4129
5130
0
5800
4792
6241
4257
5410
4820
4449
4512
4173
4340
5415
6139
4551
4492
4377
4000
3967
4131
0
4880
0
0
4363
6520
3877
6312
0
4985
4388
4400
4591
0
4473
3722
4652
3941
0
3972
5756
4771
4095
3866
5308
4795
4382
4041
3397
3314
0
4046
3379
3956
4111
0
4324
4704
3599
4686
3767
6282
6006
4382
3530
4172
3715
4951
3217
4424
4975
4770
4190
4633
4996
4460
4183
3761
3705
3455
4257
3603
0
3560
4267
3859
3971
4234
3935
4578
4298
4465
4064
3620
4431
0
4427
4030
3792
4714
4710
5198
4270
5345
4103
4237
5651
4605
5309
4245
4007
4616
4225
4127
4577
4699
4374
4382
4544
3754
5096
3903
3495
3860
5602
4270
5073
4389
4994
3592
0
4810
0
3946
3502
5169
3754
4045
4133
5086
4166
4263
3953
5458
4910
5426
4225
4467
4683
4108
5048
4279
4098
4707
4647
4312
0
4144
4141
4887
4220
3688
4700
4731
4247
5464
0
4828
4418
3789
4279
3642
5187
0
3961
3541
0
4213
4112
4257
4886
4101
6209
4271
4826
0
3895
4242
3821
4120
3784
4650
4653
3864
0
3929
3997
0
5665
4684
4106
3663
5371
5098
3703
4040
3818
0
5211
4615
3633
0
4562
3989
4083
5623
3723
4753
3878
4286
5865
9588
3541
4338
0
3917
4085
4067
4067
3616
4362
3881
4409
4031
3793
4534
3793
3998
3772
0
5135
4245
4919
3422
3909
4297
3961
3939
0
3675
4526
5174
5669
0
3307
3289
4234
3571
3553
3960
4283
4099
4060
4035
5166
5279
3618
3872
4044
3828
4384
3489
4590
4462
0
3949
5302
3300
4647
3645
4268
0
5648
4138
3634
4030
4276
4197
4263
5638
4154
5061
0
5343
3846
4616
5264
4323
3928
3622
3688
3505
0
4167
4171
4443
4010
4261
4106
3724
3898
4398
6097
3768
0
4077
3906
4113
4946
5718
3314
4734
4294
3981
3499
4046
0
4062
3260
4639
4311
0
5598
5325
5313
4751
3409
3305
4248
3789
3647
3805
4695
3968
4434
3727
4676
4115
3939
3832
4316
3432
4624
5012
0
4418
3639
4787
4742
0
3775
4575
4311
4046
4338
5088
3914
3953
0
4560
3583
3689
3858
5772
4470
3910
3510
4326
4947
3989
3818
4378
3961
4989
5454
4514
5047
4375
4375
3719
5546
3622
3552
3963
4248
4209
3270
3689
4271
4997
3936
4418
4251
4636
3961
4950
0
4212
3725
5266
4389
5127
4773
4346
0
4703
5631
3393
3902
4790
5027
3802
4365
4347
4574
3930
3522
3307
4296
4371
3938
3561
3481
4568
0
5547
3566
4347
4432
3634
5783
4316
3505
3491
4116
4373
4323
4412
4070
5047
0
3677
4508
4409
4380
4777
4129
3124
4858
3765
3994
5317
4416
4960
4109
3806
5089
5232
4940
3679
4615
3919
3718
3821
4048
3470
3250
4477
3850
3464
4328
4554
4207
4183
4352
3950
4356
3490
4294
4690
6468
3990
3558
6538
0
5432
3515
4501
5094
3785
4901
4278
5299
5035
4107
4480
3923
4192
3721
4081
3618
4841
3865
5279
4041
5843
4187
7462
4439
4470
5714
3871
3362
4523
5583
3927
4227
4523
4404
3513
4358
4126
5446
4322
3786
4926
4103
4203
4131
3611
3446
4353
3282
3458
4794
4022
4834
4068
4541
3465
0
3635
3758
4216
3728
4144
3304
4131
4563
3149
4342
3368
4482
0
4350
5104
4215
3438
3409
3144
3836
3858
3759
4247
3957
3940
3637
4076
4076
3052
3862
3616
4230
5346
0
3829
3469
4022
4510
4220
3788
3702
4448
3642
4276
5003
3730
4263
4030
4724
4145
3792
3629
4187
4711
4237
3679
4235
4067
4265
4900
4107
3901
4710
3374
3379
3295
3818
3241
3245
4148
4294
4110
5360
3621
5180
3268
4232
4240
4789
0
4006
3711
3963
3269
3475
3621
3136
4118
3672
4496
3348
3439
3252
4223
4386
5480
3703
5013
4556
4143
4534
3342
3688
3383
3481
5000
4585
4065
4277
3781
4054
3908
4165
4273
3952
4002
5536
4804
0
0
5140
3459
3859
3545
0
3445
4687
0
4751
3598
3939
3722
4785
3891
4413
4170
3708
0
3896
3343
3833
4511
3783
3995
4184
4230
3850
3446
4074
4584
4364
0
4670
4100
3900
4436
0
4008
5579
3626
4258
4226
6477
4715
3839
5747
5215
4072
3823
3619
3724
4091
0
4751
4606
4113
4718
3774
3608
3756
3515
4049
3832
3770
3021
3370
3324
4126
4123
0
3288
4573
4086
4332
0
3364
3790
3467
3741
3889
3691
3587
4517
3334
3201
2981
3715
6737
3668
3655
3042
6165
4655
3756
3325
2812
4286
0
4511
3532
3306
5310
3427
3927
3507
3719
3629
3104
3701
0
3967
3222
3287
4125
5468
3855
3889
3408
4600
3508
3799
3687
4260
3989
0
4851
4539
3143
4472
4569
4463
5862
4941
5047
4003
4429
3542
4708
4855
3753
4406
4933
3339
3923
4049
3399
4553
3745
4364
4221
3714
3651
3635
4555
3311
3381
4120
3495
3496
0
3806
3267
3326
3806
3354
5675
4773
6548
3263
4024
3863
3802
3222
3806
3846
0
4411
4092
3820
3946
3281
3603
0
3277
3371
3649
3768
3945
3604
3905
3047
3341
4778
4277
3578
4703
5702
3300
3470
3656
3083
3789
4048
0
3765
4666
3987
4040
5139
3692
0
3356
3072
3270
4139
0
3598
5209
3930
5032
4457
4031
3446
3954
5176
3016
0
4116
0
4557
3853
3992
4434
3994
3101
2818
3457
3444
3894
3169
3779
3665
3745
3639
3434
3733
4263
4265
3790
3182
3695
3874
3204
5562
3121
4003
3861
4798
3452
4901
3872
4016
3878
3626
3294
3924
2574
3991
3609
3390
3365
3631
3393
3138
3679
3837
3676
2705
3010
3514
3824
4012
3852
3402
2710
3984
3318
3358
4193
3615
3146
4133
3951
2672
3583
3561
3864
3880
4609
3343
4559
3482
3329
3394
3520
4380
3433
4581
4097
3688
4254
3370
3964
4010
3389
4725
0
4750
5630
3439
3737
3877
3548
3748
4266
4606
3089
3766
4107
4284
3742
0
3979
2765
3436
5376
3978
4099
3870
3418
2842
3558
4512
4602
0
3494
3405
2564
2455
3408
3724
3778
3448
3512
3777
3030
2876
4351
3105
3832
4072
3889
3974
0
3661
2813
4733
3064
3292
3088
4716
4896
3529
4169
3611
4480
3656
2720
2944
4152
3193
3048
4672
3625
3570
3604
3011
3652
3919
3746
3270
4083
7809
4489
4041
2668
3040
5465
0
3760
4065
4236
4370
3218
3540
0
3538
2903
6534
3594
0
3629
3815
3543
3633
3146
2796
3571
3819
4631
4577
3809
3033
4122
2917
2996
3453
3129
2762
0
3124
2923
3830
4778
0
2931
2883
3633
3712
3325
4166
3990
3685
3121
3621
0
4614
4587
3709
3221
3551
3816
2974
2913
3482
3401
4058
3853
2879
5246
3710
3868
3180
2927
3017
2900
3098
3201
2829
4403
4232
3267
2980
3676
3857
3871
3503
3292
3095
3636
4012
3931
0
5440
4230
3093
4277
2744
7058
3797
3268
2880
4408
3899
0
3213
3785
5244
3105
3184
3243
3576
3789
3001
2933
3475
4715
3631
5040
4089
6252
3173
3399
5145
2777
4071
3984
4126
2842
3268
5493
3274
4266
2944
4804
4080
4339
2994
3280
4006
5196
2789
3313
4332
3898
3184
4473
3105
4512
0
5286
4366
0
3841
0
3998
2747
3059
3072
2883
3229
3876
5485
2717
2884
3015
2866
3077
3274
2762
2964
4110
4040
4055
2861
5104
3861
2676
3771
2935
4522
3342
3182
4148
2992
3367
3261
3215
2841
3549
4713
3101
3200
3247
0
3561
2634
2993
4338
2961
3010
2862
5138
2976
2900
4508
3997
3559
2951
0
3887
3074
4571
3764
2942
3461
3331
3694
3127
5166
4367
2962
2878
4421
2613
3070
0
3803
5195
4505
3626
3445
4698
4392
3975
2957
3501
3181
3223
2814
3130
3566
2942
3229
3384
3141
0
3455
3323
4055
3083
4106
3411
4319
3334
2682
5189
5558
3050
3526
4394
2988
4406
4011
3227
2900
3297
3400
3069
0
3549
3616
3145
3682
3283
3414
4354
3433
3445
3853
5205
2821
3347
3195
2926
2752
3008
3416
4833
0
2961
2890
3292
3166
3556
3243
4443
3620
3486
4460
0
2619
3513
3297
3245
3066
2777
3307
3590
3567
3165
2945
3461
3243
3260
2538
3179
2730
3410
3349
3127
3060
2669
3917
3132
3072
2976
4930
3433
2594
3502
2858
2980
3054
3425
2866
3382
4341
4497
2773
3069
2536
3587
3247
3294
2983
3852
3353
3376
3155
2716
3866
3978
3322
3454
2805
3263
3558
2935
3017
3409
3386
2855
5659
3702
3689
2750
3218
3556
3068
3937
4120
3629
3681
3581
2947
3689
4936
2764
3103
0
3295
3048
3753
3642
3653
3263
4592
3499
3478
3278
3168
3462
3504
0
4695
4490
4802
3208
3416
3172
3089
3559
3106
3034
2708
3206
3327
0
2873
3417
3270
4719
3321
5011
2842
3450
4033
0
3493
2695
5310
3190
3070
3326
3619
3187
3363
4810
3454
2871
4568
0
3195
3267
3272
3076
3033
3102
3121
4289
2777
5235
2912
3094
5139
2982
3071
3421
3057
3415
2821
3474
3478
3177
4176
3248
3051
3666
0
3887
3629
3284
3219
2611
3084
2944
3961
3695
2770
2984
3429
2946
3084
3277
3427
2705
3625
3225
3835
3416
3303
3466
3657
3053
2910
3328
2953
3621
3312
2851
3092
3661
3386
3074
3156
3668
3082
3520
3244
3515
0
3111
3276
3284
3457
2918
3297
3517
2736
3062
2704
3005
0
3509
3185
3525
3089
3479
3075
2931
3939
7398
3530
0
2976
3681
4619
3313
3359
3417
2632
3206
3600
4309
3436
3713
3181
4457
3280
3289
3669
2849
3641
3742
3331
4917
2618
4416
3298
3066
3475
3204
3776
3323
3370
3488
2857
3654
3538
3924
3529
3627
3171
3465
3642
2726
3046
3794
2890
3256
3965
3392
2846
4573
3568
3125
2573
3828
3045
2968
2972
3232
3585
3411
3312
2987
3111
2884
3862
3136
3944
3179
3045
6267
2853
3218
3180
4645
4419
2601
2724
4090
4294
3264
2861
3070
3798
3414
3169
2796
3238
3019
4235
3294
2929
3091
2802
3017
3583
3855
3386
3696
3000
3825
4380
3189
3066
4880
0
4331
3577
3410
3876
3170
3660
2884
3111
3972
3216
2785
3427
3321
2849
0
3762
2895
4501
2917
3575
2880
2794
3410
2922
2912
3587
3179
3699
3215
3269
3523
2963
2876
3445
3331
2966
4086
3175
2984
3289
3402
3092
3063
3072
4262
3301
2954
3469
3490
3409
3959
3010
2663
3269
4790
3484
2971
3513
3203
4729
3411
3180
3615
4412
2952
2956
2916
4027
3853
3896
3085
6827
2889
3655
3018
3279
3689
2552
3311
3115
3082
2609
3414
3215
4130
2982
3633
3673
3810
4727
5272
4538
4061
3551
3307
0
5017
3323
3052
3055
3548
3855
2835
4186
3206
3069
3263
2934
3234
3717
3247
4204
3588
3537
3284
3334
2868
3847
3390
3471
2978
4999
3463
3358
2570
2999
3164
3344
3120
2930
4414
3094
3511
3516
2774
3334
0
4172
3240
3054
2990
3284
2780
3883
3033
3155
2572
3040
4486
3246
4463
4687
2779
3265
7232
5266
2848
3684
2709
3640
3168
7006
3052
3066
3010
3365
3480
2721
3234
3472
2859
3713
3138
2812
3429
2931
3331
3343
0
2620
3097
3200
2971
4767
2794
3009
3002
3140
4262
3377
2992
2779
2609
3656
3475
3018
4575
3710
3517
2957
3786
3682
0
3109
3015
3736
3061
3140
0
4743
3748
3065
4432
4959
3616
3690
2713
3001
3474
3899
3281
3171
3470
3130
3578
2767
3916
3005
3378
3662
3695
2896
2959
3035
3615
2940
4098
2848
2973
2736
2906
2734
0
3240
4834
3950
3313
3459
2880
3228
3750
3281
3377
4508
3992
4328
4354
3038
2914
2919
3566
3400
10138
3084
3366
0
0
4257
3268
3779
3108
3242
2765
3257
2871
3099
3306
3271
3846
3433
3456
3832
4143
3279
2943
2584
7413
3037
3860
3658
3434
2918
3315
2840
2595
2832
0
3412
7805
3148
3111
3301
2729
3352
3528
3512
3371
4074
3618
2981
4121
3845
3024
3841
3274
2913
2760
4009
3295
2786
2749
3320
2957
2918
3504
2920
3240
3073
3280
3595
3037
3692
3110
3531
3554
3310
0
3246
2828
3272
2548
3921
2681
2968
3710
3012
3084
3210
3042
3597
2966
4292
3333
3170
3939
2954
2613
4249
3305
3391
3458
2832
2906
0
3469
3625
3737
2911
3023
3074
3198
3771
4995
3390
4966
3497
3753
9338
3589
2668
2678
2832
3660
0
3495
2977
0
3426
3321
2918
3147
3133
3133
2778
3112
3437
2785
3256
4944
3167
3232
3449
3258
4216
3299
0
4206
3065
4853
2936
2943
3002
0
3422
3279
6383
3883
3922
3203
3336
3031
3494
3575
3980
4013
7229
3007
4341
3504
3534
4424
8921
2723
3389
4370
4164
3218
5054
3537
3145
3921
2809
3249
3153
2677
3766
2933
3039
3163
3355
2819
3027
3314
2892
3557
2858
3673
3558
3366
3327
3565
3516
3591
3197
3721
3029
4470
3097
4664
2978
2725
3042
2794
3443
3268
3873
3368
3227
3629
2651
3121
3933
3843
3318
3407
2742
3526
4028
2582
3600
3257
2845
3126
3242
3081
3906
0
2941
3279
3766
3513
3256
3420
2884
0
3318
4294
2802
3391
2975
2873
2860
3145
3103
2935
3703
3451
3506
3214
3374
3056
3659
4403
3323
2903
3965
4360
3553
2698
4769
3323
4389
3740
2662
2894
2776
3138
2841
2895
3680
2786
3456
3465
2804
2925
2734
3162
3352
3339
3163
4285
3346
3047
3208
2851
2779
3375
5112
2839
3626
3179
3253
3712
3607
2925
3269
4712
2954
4177
3337
3373
3746
3261
3473
4528
3008
3198
3907
2978
2949
2978
3007
3034
3945
2880
3200
3575
3168
3685
2530
3349
3848
3297
2897
2976
3511
3214
3041
3011
3769
3043
3262
2894
3007
2790
2689
3116
3144
3258
3545
3047
4924
2944
4146
3154
3017
3697
3043
2916
0
4254
3390
3946
3235
3610
3109
3012
3159
3852
2979
3033
2761
3799
4128
3455
5376
4189
2798
3259
3904
3776
2975
3250
3620
3114
3368
4079
2955
3128
3267
3379
3176
3227
2976
3118
2667
3091
2725
2800
4393
4217
3222
3584
2960
3004
3903
2890
3144
3216
2804
3143
3158
3555
2800
3349
3174
3626
3737
3302
3317
3304
2880
3060
3289
3468
3737
4243
2975
3659
4243
4677
4743
3030
3480
3636
3174
2834
4075
0
3220
3482
3090
2741
3274
3600
4945
3164
3219
3450
3508
4389
3747
4512
2942
3227
3007
2981
3144
3713
3063
3824
3215
3247
3023
3338
3784
2848
2985
3704
3266
2784
3403
3284
2844
3070
3551
3432
4254
2737
4154
10052
3049
3466
2802
3084
2950
3198
4005
3236
3418
3800
4600
4595
4054
3593
3419
3044
3291
2753
3527
3040
3307
2876
3413
5988
2609
3672
3204
3334
2703
2988
2540
3214
3297
3436
6466
3171
3154
3224
3578
4159
2717
3006
3047
4155
3333
2896
3200
3016
3426
4419
0
4326
3748
2883
5276
3155
3742
2802
3477
0
3662
4012
4775
2912
3072
3599
3962
3305
2664
2802
3241
2835
3034
2854
3216
2892
2927
3099
3152
2864
3664
4477
4089
2959
4042
4948
3929
3371
3054
2858
2873
3387
3093
3566
3616
3562
2996
3311
3019
4053
2795
2893
4323
3764
2907
2924
3003
3629
2697
3341
2703
3359
3429
2726
2956
2853
3730
3625
2960
0
4441
2936
3056
2955
2915
3370
5104
2826
3108
2907
4234
3493
3604
3738
0
2721
3237
3646
3100
2920
3140
3149
2558
4480
2906
3380
3444
3156
0
3870
3047
3469
2755
4462
3592
2827
3035
3143
4260
3376
2775
2743
2946
3674
2938
3083
3283
10309
3721
2894
3300
3441
2690
3660
2780
2972
2814
4383
3256
3223
3444
3685
3765
2620
4169
3326
3326
4086
3158
3511
4267
3281
3170
3643
3541
3071
3196
3362
3867
5214
3320
3288
2664
3938
3061
3555
4329
3194
3487
3857
2737
3124
2731
3429
3250
3051
3832
2630
2927
3100
2774
3181
3181
2790
3429
2802
3443
3098
3381
3234
3530
3726
3233
3513
4162
4773
3081
5274
3256
3353
3210
3462
3112
3036
3218
4841
3726
3352
3854
4999
2760
3366
3139
3562
3230
3440
2902
3245
3475
3141
3390
2881
3130
4986
3601
2725
3093
2713
3489
4486
3075
3634
3412
3185
3773
2898
3060
3368
3175
3084
3194
2893
4109
2610
4320
3752
4453
3067
3048
3285
3001
3345
3207
3452
3370
3686
4028
2786
3197
3741
3533
3142
5119
4017
4035
3896
3913
4451
5308
0
3672
2698
3110
3369
0
3183
3863
3655
3376
3131
3128
5395
4553
4901
2650
3454
3295
3090
4003
3614
3755
3366
3442
3313
2953
3370
2848
3348
3560
3059
3375
4042
3243
3163
3341
3598
2802
3848
3986
3648
3402
3092
2824
3103
3316
3666
3387
4180
2952
3103
3421
3132
3631
3143
3111
3136
3836
2747
3792
3277
3034
3735
3920
3109
3613
0
3365
3133
3598
2879
3373
3666
2911
3256
3475
3758
3518
3551
3205
2830
2947
2386
4008
3096
3296
4473
2964
3629
3023
2953
3334
3008
3020
2908
3835
2708
3135
3922
2986
6177
3493
2774
0
2682
4494
3376
2782
4092
3225
4318
3218
2600
3168
3094
2982
2814
3234
3570
2891
3707
4285
3274
3834
3202
3767
3590
4652
4107
2591
3040
3399
3436
2964
3676
3103
3139
2935
3380
3820
0
3154
3327
3476
3320
10512
3060
3781
2868
4355
2631
3149
2975
3058
3483
3059
3603
5088
2823
2831
3886
3160
4699
0
0
3576
3109
3424
3535
3669
3588
2809
3071
3243
3094
3679
3311
3519
3046
2921
4446
3549
3784
3492
3087
3000
4196
3419
3111
3548
3456
3027
3181
2917
3512
2854
3443
2930
3289
3034
3647
3486
3223
3420
2714
3881
4401
3829
3952
2949
2892
3358
7785
3508
3119
0
3477
3972
3499
2931
3006
2576
2994
3908
2826
3054
3978
3153
2572
2770
4069
2974
3135
3335
3347
3900
2815
3078
3342
3151
3588
3498
3494
3461
3108
2724
3115
3223
3081
2987
2997
3039
6677
3120
2692
4102
3058
3339
3639
4781
3597
3729
0
3545
3262
3335
3655
2967
2975
3389
3256
3275
2635
3889
3153
4303
0
3530
3287
2967
3966
2952
3333
3394
3504
0
3086
2953
4978
3525
3241
2875
3271
0
2916
3238
3170
2609
3927
2935
3033
2576
3095
2523
3220
3585
2971
3201
3204
3080
3394
4410
3085
3423
3674
3651
3297
3488
3241
2972
2859
2939
3365
3534
2974
4002
4389
2866
4167
4406
3975
3536
3036
3003
2967
3127
3634
3068
3149
3042
3436
3542
3629
3012
3499
3404
2708
3213
4530
4150
3962
2945
3736
3192
4727
4142
3957
3638
3280
2912
3001
5901
4008
3612
3212
3011
3001
5752
3146
3592
2794
3857
3492
2963
2793
2870
3135
3697
3280
2938
4264
3845
5469
3949
3325
4102
3342
4480
3248
3853
3285
3743
4211
3085
3630
3755
7207
3345
3538
2953
3266
4308
3714
2879
4885
3073
4189
7064
3089
2909
3547
3304
3632
3830
3523
3691
3973
3173
3379
3398
3859
2934
3258
3136
4788
3890
3116
4283
3018
4631
3712
3922
4208
3104
3305
3146
4097
3300
3353
3310
4402
2922
3470
4258
3227
3176
3444
2917
4317
3443
2567
3566
3289
2979
3086
2583
3157
3420
2869
2834
6115
3504
2880
2997
4005
4643
3390
3240
3691
3648
3207
3058
2931
2924
3939
3156
3545
3349
3081
3265
3109
3598
2859
3087
3268
0
3070
3813
2855
2674
3064
4111
3426
2936
3472
3383
2870
3324
2983
4261
3242
2816
4014
2658
3516
3802
3226
3303
3391
3141
2762
3605
2798
3403
4745
3234
2678
3368
3006
3469
3640
3382
3459
3411
2887
3077
3425
2895
3938
2678
3511
3373
3696
3079
3684
3770
3398
3679
3632
3352
3326
3015
3462
3127
3555
3986
2856
3290
4298
3341
4753
3881
3800
5552
3181
3374
3597
3102
3309
3234
2756
3033
2917
3318
3382
3021
3212
2917
2871
3018
3094
3542
3118
3408
3555
2989
2989
3780
3635
3407
3178
3003
0
3435
0
3007
3485
3027
3902
3247
3607
3144
2854
2980
3319
3756
2872
3021
3191
3278
3275
3250
0
3241
2991
3102
3712
2870
3049
3450
0
3088
2958
4515
3929
3855
3379
3348
2780
5018
2912
2532
3306
0
3571
3582
3149
2766
2911
2763
3391
2980
3161
3074
3279
3889
3465
2968
5723
2977
2824
2839
4432
2784
3328
3545
3465
3226
3322
3473
4110
3363
2904
3257
10317
4301
3247
3872
4122
3175
4288
2876
2823
2958
3399
2951
3015
3231
3288
3525
3569
3144
3451
3281
3072
3511
3170
3731
3377
2682
3333
3427
3499
3041
0
3137
2922
2799
3833
3845
3971
0
2700
3203
3346
3303
3270
4577
3548
3025
3393
2668
3271
2982
3285
5451
5007
0
3260
3676
2758
3779
3561
4210
4144
3715
2645
2974
2829
2787
3298
3014
3536
3154
3105
3152
4012
3204
3250
3051
3268
2963
3347
3468
3539
4277
4270
3480
3892
3932
2985
3300
2926
3413
3838
3722
3806
3201
4273
2940
3766
3038
2939
3714
3559
3250
3568
2887
3441
3239
3489
3648
2847
3036
2834
3192
3133
2970
3617
3594
3613
3021
4065
3248
3725
2848
3535
4077
3275
3540
3011
3312
3556
3268
3680
2866
3127
3721
3483
3672
3404
3669
4021
4673
3072
3109
3148
2791
3362
2674
3919
3676
3241
3452
3693
2809
3544
4666
3177
3013
3136
2958
2947
2791
3188
3387
3698
3591
3227
5027
3438
3053
3490
2930
3170
3412
3076
4296
3699
2784
4763
3406
3166
3563
3119
3743
3232
2801
3064
3531
4182
3604
3926
3545
2825
3514
3412
3267
2959
3499
3140
4019
3455
3311
2584
2986
4200
2792
3324
4163
3481
3716
2975
3291
3277
3010
3679
3228
2897
2927
3135
3325
4951
3549
3252
3654
3383
2943
4137
3496
3132
3922
3467
3366
3474
0
4227
3414
3329
3173
3474
3360
2955
3325
3078
2994
4049
3830
4182
3544
3623
3241
0
3665
3255
3187
3337
2927
2561
3369
2769
3142
3549
2841
3191
3494
3114
3479
3153
2952
3923
3843
3454
2712
3037
2861
3273
3116
3169
3078
3320
10945
3185
3267
3155
2874
3066
2921
3073
2636
4026
4057
2847
4220
4020
2619
3045
3340
3202
3451
3055
3973
2798
2885
2969
4390
3376
3955
2960
3070
4169
0
2951
3290
3189
0
3152
3337
2616
3309
0
3389
0
3112
2840
3867
3366
3459
2857
3692
4761
5085
2879
3443
4978
2795
3489
3866
3188
3360
3598
2959
2802
2880
2932
3135
3269
3634
4152
2956
3185
0
2992
4631
3456
3474
3133
2611
3040
4627
3425
3220
3680
3243
3320
5166
5738
3758
3838
2865
3533
4822
2933
3525
3225
3078
2457
2871
3214
2915
3781
2693
3394
2878
3118
3253
3492
0
2738
3069
3371
3107
4064
2681
3151
3617
5349
3696
5274
0
4559
7153
3093
3332
3638
3212
4363
3358
3086
3081
4251
3275
4041
3158
2920
3120
3360
4210
2461
2713
2722
3075
3444
3242
3106
3996
3908
3212
3457
4621
2798
3148
2957
3124
5081
3069
3500
3226
3141
3043
3077
3321
3470
3285
3436
3459
3231
2992
2938
4048
4315
4028
3547
3242
3422
3904
3145
3084
3462
3007
3769
3495
5792
0
0
3806
2790
3458
0
4720
3292
3998
2852
3385
3037
3036
2985
4303
3863
3270
3466
3307
4326
3047
2711
2929
3381
4449
2877
2906
3698
3499
5672
2760
3027
3164
2883
3903
4320
3127
3370
3054
2807
8191
3210
4091
2783
4496
3639
2905
3202
3092
2940
2776
3694
4580
2935
3082
0
3273
2887
0
4086
4226
3328
4129
2828
3234
3596
3916
2880
4074
3297
3284
3518
3264
3033
3716
2986
4123
3191
3269
2981
3544
3751
4044
3074
3927
4408
3147
2655
3360
3127
5030
2949
3026
2873
3035
4010
3189
2728
4332
2666
3175
3069
3451
3610
3372
3798
2994
3467
4026
3020
2717
3144
3285
4266
0
3771
4428
3616
4156
4678
2815
0
3894
4016
3119
0
3133
2951
3347
4889
4038
3173
3957
3168
3516
3221
3055
3038
3437
3521
4111
3271
3690
3888
4244
3756
3572
3810
3353
4406
3799
3822
3443
3676
4915
0
4593
3502
3464
3007
4009
4231
3766
4694
3171
4048
3599
4287
3830
3929
4554
3251
7634
2595
4109
4263
10132
3980
3199
2892
4795
3425
3756
2972
3276
3409
4476
4513
3099
3174
3658
3576
3635
3831
5646
4212
3399
3895
2822
3280
2873
3384
3471
3436
3693
3719
3940
5253
3325
4590
4778
2952
3830
2811
0
3405
2662
3201
0
2786
3368
4162
2963
5813
4326
4117
3893
3767
3246
3362
3401
3913
4524
2720
3616
4309
2750
3221
5306
4085
3601
3108
4479
3863
4549
4021
0
3530
4138
0
2717
4416
4446
4542
3633
4648
3552
4016
4509
2901
4039
3866
3023
3550
3044
3541
3708
4112
3982
3390
4341
3025
2751
3584
3526
3694
2904
3877
3341
3353
4139
2951
3260
3359
3561
3431
3208
4193
3861
3970
4643
3790
2938
4055
4422
3532
3494
3331
3525
3273
4360
4104
3725
0
3702
4039
4802
3798
3622
3115
3663
3527
4928
4117
3655
4312
4037
2953
4095
3355
3053
3817
3746
4504
4463
3976
3778
3816
4214
3936
3225
3891
3793
3279
3482
4688
3623
4113
3423
4265
3094
4530
3864
3906
3337
3623
3629
3975
3672
2959
3034
3349
3174
4115
3116
4089
3585
4414
4356
4114
5109
3268
4274
3332
3261
3494
3718
4061
4546
3691
3913
4066
3765
4454
3370
4115
4514
3149
3897
5170
3041
3800
3595
4085
3441
3465
4534
3431
4535
3918
4582
3709
4884
3784
3440
5169
3631
4292
4199
3322
3771
3989
4181
4786
3785
4754
3283
3915
4842
5248
3998
4504
4024
3743
3289
3804
3804
4552
3493
3650
3393
3797
4138
3948
3567
3762
3281
3910
4321
3639
3798
4380
4421
3901
3950
3670
3906
4413
3624
3336
4676
3677
4377
3637
4581
4858
3709
3538
3836
3370
3675
3971
5630
4120
4011
3549
3805
3921
4161
3645
4964
5091
4564
3844
5289
4015
3454
3885
4392
3820
0
3258
5112
4690
3980
3344
3626
3921
3776
3348
5425
3479
3951
3216
3459
4378
3785
3400
3439
3182
3732
4024
4597
3680
4017
3281
3834
3536
3533
4657
4091
4763
3941
3865
4205
4368
3518
3521
3900
4128
3847
3881
3673
3671
3952
4126
3855
4295
3654
5910
4187
5109
3310
4094
3945
3374
4398
3762
4127
3634
4004
4236
3891
3996
3594
4603
3398
3836
3949
3566
3289
3558
3321
3360
3317
3322
3317
4315
3669
5030
3985
3466
3729
3486
3432
3555
3445
3901
3856
3871
3214
3552
4158
4241
4360
3578
4413
4537
3901
3133
4431
3977
3821
3421
3728
3168
3547
3262
4309
3650
3753
4894
3394
3427
3681
3715
3636
3532
3615
3623
5577
3318
3469
3789
3606
3859
3250
3657
3721
5066
3336
4005
3328
3638
3214
3830
3432
4295
4017
4025
6250
3293
3714
3973
3484
3771
4292
3767
6004
3727
4626
5138
3829
3667
4094
4491
4158
4164
3815
4610
3913
6540
3806
3769
3719
4401
3917
4253
3907
3989
3339
3207
4098
3121
3575
4369
3798
4319
4130
3974
3371
3574
3898
4085
3469
3436
3449
3473
3273
3825
3434
3166
3899
3750
4832
3939
3578
3279
4756
3836
4191
3632
3404
3462
3333
4460
4984
4394
4935
3102
3282
4589
4088
3838
3648
5444
4155
3288
3123
6143
3400
4531
3829
4246
5094
3463
3692
3835
3859
4011
4020
8808
3658
3570
3990
7807
5333
3452
3605
3816
4755
5068
4481
3777
3620
3643
5752
4546
7384
3391
3899
5195
3463
3929
6168
4323
4042
3677
4212
4243
3041
3818
0
7975
4015
4507
3356
4095
4563
4040
3736
5700
4251
3553
3319
3659
3605
3834
3058
4055
3999
4115
3528
3667
3166
3345
3473
3922
5038
4297
3567
3405
4205
0
4264
4908
3675
0
3935
3178
3879
3788
3750
0
0
0
3649
3368
3776
6872
0
4083
4699
5095
4357
5910
4215
4152
6436
4108
4557
3886
3399
4893
4102
3936
3818
4799
4159
3106
7438
4149
6072
4097
3882
5980
3528
3446
4356
3809
4174
3708
4135
3200
3754
3954
4059
3398
5023
4886
5663
3603
3461
3582
3424
5096
6619
3228
3689
5131
3573
3552
5234
4606
4265
3901
5453
4950
3722
4034
3771
5953
4477
8109
3534
3817
4139
3635
4702
3470
3503
3906
3473
3927
5395
4174
4806
5573
3762
4165
4252
4913
3689
4588
3450
3861
5063
3507
3744
3120
4796
3532
4246
8484
5822
7634
5734
0
4274
3388
3930
4147
3541
5277
6976
3619
4099
3101
4081
3280
0
4592
4511
3565
4743
4900
7913
3455
0
5422
2885
4532
5768
4148
5065
3895
5791
0
4327
3454
5785
4355
3396
3631
4158
3383
3772
4432
3930
5483
6048
3513
3802
4153
4429
3341
6250
5400
4704
3823
4835
4916
4682
8318
5590
3774
4839
6625
6905
5890
3753
4196
4526
10194
4323
3210
0
9141
4275
3537
5146
3390
3075
4865
4117
3946
3886
4266
6032
4380
4799
6131
5014
3513
4688
6379
3284
4874
8041
8158
3874
5461
7818
4206
3441
3485
5245
4711
4511
3804
3885
3329
4247
3506
2946
13147
3609
8524
0
4878
6998
3753
0
5050
3573
