0
0
0
0
0
0
0
0
0
0
9120
9538
9403
0
8356
0
0
9645
0
0
0
0
0
0
0
9313
0
0
0
9107
0
0
7905
10251
12756
0
0
7878
0
0
0
0
0
0
0
0
8424
0
0
9513
0
8385
0
0
9366
11440
0
0
0
0
0
8096
0
0
0
13383
9121
9043
9555
0
9747
0
11832
0
9102
0
0
0
0
0
0
0
0
0
0
8741
8489
0
0
10207
0
0
0
7019
0
0
0
10197
9673
0
0
10508
0
0
0
0
9088
0
8607
9306
8610
0
0
10476
0
8336
0
0
8772
9099
0
10439
0
0
8371
0
0
0
8368
0
9622
9103
0
0
0
0
0
0
0
0
11417
0
0
0
8236
0
7823
8323
0
8262
0
0
0
9388
0
0
0
0
10037
10108
9194
8657
0
0
8873
0
8274
8471
0
9077
0
0
0
0
8126
8583
8871
8372
14704
6479
0
7920
0
9559
9981
7294
0
0
0
0
6758
8283
8676
0
12347
0
10181
0
11065
7994
9129
0
0
7643
0
9413
10170
0
8062
7279
7963
0
0
8835
9473
10851
8335
10826
8386
9712
0
9332
0
8666
0
8773
6813
0
7125
8207
0
9979
8308
0
0
8874
7920
10206
8924
8081
7580
9133
0
6684
0
0
0
10908
8832
0
8252
6803
8780
0
8259
9091
7251
0
7332
8458
10282
0
0
7660
9088
10866
0
9021
0
7503
8454
7267
9291
0
9077
8595
9667
10370
0
12482
0
10514
7363
0
11172
0
7695
0
10230
7944
7643
10138
9626
0
0
8570
0
0
9936
0
12191
10613
0
12297
6669
8464
0
8179
7161
8251
9063
0
7979
8624
0
9500
10117
9544
9144
0
8215
11313
0
6590
0
6281
6645
7907
0
9793
0
0
10173
0
7975
7630
0
0
9270
5644
11029
0
0
8900
11787
7448
13283
11435
0
6385
7714
10388
7608
12277
7867
7929
7253
7164
6823
0
0
9052
6688
5602
8719
6853
0
0
7711
6892
7340
0
0
8665
7478
7308
0
11726
6989
9221
8086
10633
8572
9093
8392
6893
5777
7158
8226
0
5892
8402
0
11700
6841
8052
0
7798
11180
8203
5529
9211
5706
6589
8968
6427
0
6792
8343
9233
13267
10541
6075
6158
7226
8434
7121
6695
6017
5478
6317
6874
0
0
0
5901
0
7487
9639
4889
0
7476
0
10047
9012
0
10521
5708
5698
6110
11857
7365
6339
11644
0
9673
10278
6947
6438
9040
6829
0
0
7067
6670
6761
10077
11264
7489
13303
8223
8081
0
6046
5036
7999
9968
9692
5566
9220
6388
8860
9482
0
0
6663
5492
10935
6726
8263
10005
6893
7540
5692
6295
6306
9482
5378
6653
6545
10232
7344
11772
5406
9255
8494
12471
9101
0
0
10431
8701
6730
4245
12391
15674
11200
9523
5658
6542
8398
10244
6883
11497
7776
7635
6783
4482
6775
0
5838
8732
12387
13103
6077
12608
4312
5496
8575
0
4117
4032
4798
0
6604
3943
6214
10296
4544
4555
6395
10176
4742
9276
10709
11380
4136
8257
7456
6880
10542
6805
8323
8467
7704
11171
4303
5978
6212
6241
8788
13171
4524
4873
4813
6443
3934
7845
4807
0
13335
6847
0
4219
13166
11535
7656
6901
0
4373
4523
7286
4928
9845
4819
6135
0
4670
9211
5097
9181
11618
8917
6896
0
3869
13654
7785
4596
5182
5876
0
3939
4757
9085
12189
7964
4681
4983
6532
9605
9119
8035
8109
11490
7342
4511
4821
5327
12497
3891
8616
10278
6724
8579
7475
4827
8736
7708
5047
4735
7719
4105
10311
9384
4930
6323
13477
4253
12054
10388
6774
0
4430
7553
6763
9245
4689
13641
8457
4475
4656
4741
0
0
9755
4942
4571
4582
10725
9382
4761
5700
4653
9321
4495
8228
0
3958
11222
4752
4023
4417
5528
4750
4821
11057
7756
4799
7259
0
4978
5212
7595
8329
5777
4166
4584
5095
3975
10932
4747
11551
5175
9063
5576
13466
4923
5066
7296
3912
4896
5401
0
4955
11319
10689
4866
6091
5234
5074
4651
4757
5930
5282
5400
4795
0
5694
4980
6211
4604
5332
4390
5574
6600
5839
4756
4768
4693
14975
5844
3993
4586
6304
12194
11647
10035
6521
8983
4807
11050
6239
4168
5915
4785
0
4834
5448
6106
8311
6611
8557
4958
4698
4669
12010
4422
4674
7824
8676
6045
4014
4506
5016
4679
5511
4418
4067
4263
0
4317
5545
4007
3782
0
5130
4178
4820
6827
4984
0
0
5842
0
7336
0
4938
6955
4683
5290
5352
3884
5275
5484
6110
6349
5712
5010
5783
0
8438
4645
14890
6137
8596
8480
4882
4107
4826
5053
5635
4298
6287
6304
13836
13137
4752
5519
5391
8793
14226
4771
6772
4520
4021
4784
4296
0
4517
7120
4736
12568
4567
4975
4911
6558
5215
6104
5125
6966
7630
5258
18345
4503
6061
4594
4767
6024
4785
4285
7088
6219
4960
4291
6961
5610
4961
3866
6732
4992
4209
3920
4573
4902
5711
5239
5131
4672
5055
0
5705
3866
6929
6486
6135
3950
7520
4597
5694
4317
6607
6059
5954
11222
4979
4403
6812
4733
7272
5634
5329
5976
5382
5999
5155
4767
7110
0
4578
4403
6661
5194
12586
0
6810
4387
3968
5029
4189
5684
9494
4827
12578
4970
5760
5609
6922
6478
11737
6830
3867
4934
4517
4749
4188
6516
5031
6011
5273
6027
5682
10654
3954
4146
4806
4263
4912
4414
4358
4266
8396
5366
5717
4427
6829
5114
4568
0
4376
7353
0
4737
4781
0
5290
4631
6617
5284
4243
4337
15753
5763
6671
8476
5139
5865
4381
5786
5364
4231
5349
5718
6748
8121
5611
0
5254
4811
4904
4744
5117
16508
4668
4050
9612
10286
18027
4093
3924
8834
11206
4982
4394
4896
4581
3930
5216
9490
7730
6020
5743
7212
4326
4081
5049
3851
3683
4338
4372
0
9152
4628
0
4272
5631
4950
6326
4691
4832
4582
4062
4507
4757
5929
5140
4528
6242
6314
4816
5396
4363
7176
4889
7295
5300
7282
8403
12781
4669
6657
5874
5046
4077
4034
5651
7305
5699
4890
8471
0
3994
4420
9242
4632
13557
4289
5423
8386
14042
6907
16726
4866
8611
5236
5042
14004
6621
4783
5490
4651
4863
4809
5150
4103
4766
4710
6379
5586
6767
4490
4092
5435
5894
5263
4362
4320
4738
4572
5662
4345
5377
4276
6023
10233
5466
4984
5079
4182
5358
6054
6633
10720
5798
4998
4039
0
8664
4149
9765
0
5649
7897
4437
6948
5657
5801
5937
4614
7230
4955
5574
5777
4884
4508
4723
5237
5221
4827
0
4545
4663
7149
4722
6590
0
6179
5319
5742
5800
10879
7262
5764
4695
8357
5074
7082
8969
8883
5625
5063
19850
4141
13933
5165
6943
4436
5533
4053
0
7420
7737
6730
7956
6498
3958
5132
7763
5923
4682
5178
7862
11742
5746
5041
7954
7248
4011
4963
4709
9204
6910
5204
5432
4603
5691
4485
6080
4834
9569
4793
5073
5236
7102
4551
4108
9716
0
4503
11259
8819
5379
4985
8379
5101
6287
5084
7042
4285
6595
5812
5813
5902
5463
6292
5097
5410
4612
4844
11051
6939
10095
4463
12289
4292
5700
5002
5334
7560
4193
4260
17374
4883
8818
8997
5737
9288
5328
9635
6883
4546
9405
4837
4501
5088
7314
5936
7838
5332
5414
4182
5721
5091
4250
10614
6582
6788
6546
4130
5241
3994
8468
6996
7023
10409
4194
4917
7313
4310
0
4268
4624
6829
4807
6935
7781
4028
5056
5510
6863
4159
7356
6494
7026
6401
4660
5676
5991
0
7467
5577
5132
4613
6761
8670
5452
0
5513
5506
0
4967
12527
10698
5972
4864
4162
9732
7805
7509
6209
6502
4794
5258
5153
4301
4778
4861
5133
4854
4252
5993
4796
6230
5001
4768
5769
6077
5655
5262
6203
6398
6408
7364
7823
8419
8513
5195
4727
5234
5832
7513
4825
4754
8201
4812
5515
4907
4526
5554
4985
5354
4822
6202
4708
4380
5608
0
6710
5468
4631
5233
6003
8212
4405
5970
4671
5220
4991
5630
4530
5915
4204
5238
7199
5242
4949
6900
7479
4378
4424
4736
4824
11416
5587
7251
6984
12538
21207
0
5766
5623
5691
8183
5807
4721
5081
7303
4972
5337
5360
4526
4477
6905
4923
5470
5871
6266
5968
5525
8050
4443
7653
4218
4834
0
7181
7547
5040
4675
9706
5883
5584
9084
5753
4883
5981
8017
4153
4468
6545
4804
6825
0
4778
6901
4537
7302
4607
5831
5184
7240
4697
5188
4610
4906
4298
4634
5786
5169
8427
0
6456
5448
0
5080
5359
4836
7071
5067
5171
6181
6079
7020
5297
7820
7351
6590
6795
6034
5505
5347
6410
6016
5084
12993
5039
4838
5120
5739
7246
7581
0
5777
5158
6701
6577
6514
5039
6672
5146
6976
9137
5119
0
6758
5730
5858
8177
